====== pysrim run =======
        SRIM-2013.00
========================================
      Ion and Recoil IONIZATION     
 See SRIM Outputs\TDATA.txt for details   
========================================
--------------------------------------------------------------------
    Recoil/Damage Calculations made with Kinchin-Pease Estimates    
--------------------------------------------------------------------
 See file :  SRIM Outputs\TDATA.txt   for calculation data
 Ion    = He   Energy = 200 keV
============= TARGET MATERIAL ======================================
Layer 1 : ceria
Layer Width = 50000.E+00 A ;
  Layer # 1- Density = 7.578E22 atoms/cm3 = 7.22 g/cm3
  Layer # 1- Ce = 33.3 Atomic Percent = 81.4 Mass Percent
  Layer # 1-  O = 66.6 Atomic Percent = 18.5 Mass Percent
====================================================================
 Total Ions calculated =000025.00
===============================================================
  Ionization Energy Units are  >>>>  eV /(Angstrom-Ion)  <<<<  
===============================================================

  TARGET       IONIZ.       IONIZ.  
  DEPTH         by           by     
  (Ang)        IONS         RECOILS 
-----------  -----------  -----------
500010.E-03  4338.69E-02  1045.71E-05
100001.E-02  4188.30E-02  2225.34E-05
150001.E-02  4055.66E-02  8868.51E-05
200001.E-02  3520.35E-02  3800.32E-05
250001.E-02  3463.42E-02  3307.27E-05
300001.E-02  3485.15E-02  7242.61E-05
350001.E-02  3159.52E-02  1226.23E-04
400001.E-02  2532.36E-02  6521.50E-05
450001.E-02  2220.50E-02  6686.77E-05
500001.E-02  2133.66E-02  7251.59E-05
550001.E-02  1861.12E-02  1807.22E-04
600001.E-02  1699.09E-02  3488.61E-04
650001.E-02  9572.50E-03  1841.13E-04
700001.E-02  8067.76E-03  4062.67E-04
750001.E-02  2383.01E-03  9408.69E-05
800001.E-02  8849.45E-04  8417.29E-05
850001.E-02  0000.00E+00  0000.00E+00
900001.E-02  0000.00E+00  0000.00E+00
950001.E-02  0000.00E+00  0000.00E+00
100000.E-01  0000.00E+00  0000.00E+00
105000.E-01  0000.00E+00  0000.00E+00
110000.E-01  0000.00E+00  0000.00E+00
115000.E-01  0000.00E+00  0000.00E+00
120000.E-01  0000.00E+00  0000.00E+00
125000.E-01  0000.00E+00  0000.00E+00
130000.E-01  0000.00E+00  0000.00E+00
135000.E-01  0000.00E+00  0000.00E+00
140000.E-01  0000.00E+00  0000.00E+00
145000.E-01  0000.00E+00  0000.00E+00
150000.E-01  0000.00E+00  0000.00E+00
155000.E-01  0000.00E+00  0000.00E+00
160000.E-01  0000.00E+00  0000.00E+00
165000.E-01  0000.00E+00  0000.00E+00
170000.E-01  0000.00E+00  0000.00E+00
175000.E-01  0000.00E+00  0000.00E+00
180000.E-01  0000.00E+00  0000.00E+00
185000.E-01  0000.00E+00  0000.00E+00
190000.E-01  0000.00E+00  0000.00E+00
195000.E-01  0000.00E+00  0000.00E+00
200000.E-01  0000.00E+00  0000.00E+00
205000.E-01  0000.00E+00  0000.00E+00
210000.E-01  0000.00E+00  0000.00E+00
215000.E-01  0000.00E+00  0000.00E+00
220000.E-01  0000.00E+00  0000.00E+00
225000.E-01  0000.00E+00  0000.00E+00
230000.E-01  0000.00E+00  0000.00E+00
235000.E-01  0000.00E+00  0000.00E+00
240000.E-01  0000.00E+00  0000.00E+00
245000.E-01  0000.00E+00  0000.00E+00
250000.E-01  0000.00E+00  0000.00E+00
255000.E-01  0000.00E+00  0000.00E+00
260000.E-01  0000.00E+00  0000.00E+00
265000.E-01  0000.00E+00  0000.00E+00
270000.E-01  0000.00E+00  0000.00E+00
275000.E-01  0000.00E+00  0000.00E+00
280000.E-01  0000.00E+00  0000.00E+00
285000.E-01  0000.00E+00  0000.00E+00
290000.E-01  0000.00E+00  0000.00E+00
295000.E-01  0000.00E+00  0000.00E+00
300000.E-01  0000.00E+00  0000.00E+00
305000.E-01  0000.00E+00  0000.00E+00
310000.E-01  0000.00E+00  0000.00E+00
315000.E-01  0000.00E+00  0000.00E+00
320000.E-01  0000.00E+00  0000.00E+00
325000.E-01  0000.00E+00  0000.00E+00
330000.E-01  0000.00E+00  0000.00E+00
335000.E-01  0000.00E+00  0000.00E+00
340000.E-01  0000.00E+00  0000.00E+00
345000.E-01  0000.00E+00  0000.00E+00
350000.E-01  0000.00E+00  0000.00E+00
355000.E-01  0000.00E+00  0000.00E+00
360000.E-01  0000.00E+00  0000.00E+00
365000.E-01  0000.00E+00  0000.00E+00
370000.E-01  0000.00E+00  0000.00E+00
375000.E-01  0000.00E+00  0000.00E+00
380000.E-01  0000.00E+00  0000.00E+00
385000.E-01  0000.00E+00  0000.00E+00
390000.E-01  0000.00E+00  0000.00E+00
395000.E-01  0000.00E+00  0000.00E+00
400000.E-01  0000.00E+00  0000.00E+00
405000.E-01  0000.00E+00  0000.00E+00
410000.E-01  0000.00E+00  0000.00E+00
415000.E-01  0000.00E+00  0000.00E+00
420000.E-01  0000.00E+00  0000.00E+00
425000.E-01  0000.00E+00  0000.00E+00
430000.E-01  0000.00E+00  0000.00E+00
435000.E-01  0000.00E+00  0000.00E+00
440000.E-01  0000.00E+00  0000.00E+00
445000.E-01  0000.00E+00  0000.00E+00
450000.E-01  0000.00E+00  0000.00E+00
455000.E-01  0000.00E+00  0000.00E+00
460000.E-01  0000.00E+00  0000.00E+00
465000.E-01  0000.00E+00  0000.00E+00
470000.E-01  0000.00E+00  0000.00E+00
475000.E-01  0000.00E+00  0000.00E+00
480000.E-01  0000.00E+00  0000.00E+00
485000.E-01  0000.00E+00  0000.00E+00
490000.E-01  0000.00E+00  0000.00E+00
495000.E-01  0000.00E+00  0000.00E+00
500000.E-01  0000.00E+00  0000.00E+00
