====== pysrim run =======
        SRIM-2013.00
=======================================
    Energy transferred to RECOILS      
 See SRIM Outputs\TDATA.txt for calc. details 
=======================================
--------------------------------------------------------------------
    Recoil/Damage Calculations made with Kinchin-Pease Estimates    
--------------------------------------------------------------------
 See file: SRIM Outputs\TDATA.txt for data about the calculation
 Ion    = He   Energy = 600 keV
============= TARGET MATERIAL ======================================
Layer  1 : ceria
Layer Width = 50000.E+00 AAA ;
  Layer # 1- Density = 7.578E22 atoms/cm3 = 7.22 g/cm3
  Layer # 1- Ce = 33.3 Atomic Percent = 81.4 Mass Percent
  Layer # 1-  O = 66.6 Atomic Percent = 18.5 Mass Percent
====================================================================
 Total Ions calculated =25.00
===========================================================
  Table Energy Units are  >>>>  eV /(Angstrom-Ion)  <<<<  
===========================================================
   DEPTH       ENERGY       ENERGY    
   DEPTH        from        Absorbed  
   (Ang.)       IONS        by Recoils
----------   ------------  -----------
500010.E-03  3178.56E-05  3226.56E-05
100001.E-02  1571.93E-05  1667.93E-05
150001.E-02  1250.18E-05  1322.18E-05
200001.E-02  4529.20E-05  4577.20E-05
250001.E-02  6082.89E-05  6298.89E-05
300001.E-02  5673.31E-05  5793.31E-05
350001.E-02  4442.64E-05  4562.64E-05
400001.E-02  3183.24E-05  3351.24E-05
450001.E-02  9291.95E-05  9483.95E-05
500001.E-02  2968.28E-04  2997.08E-04
550001.E-02  2363.26E-04  2387.26E-04
600001.E-02  2686.55E-05  2806.55E-05
650001.E-02  4999.52E-05  5191.52E-05
700001.E-02  1129.28E-04  1153.28E-04
750001.E-02  1890.46E-04  1931.26E-04
800001.E-02  2833.93E-04  2874.73E-04
850001.E-02  1766.96E-04  1783.76E-04
900001.E-02  2194.40E-04  2240.00E-04
950001.E-02  1513.38E-04  1556.58E-04
100000.E-01  4425.36E-04  4528.56E-04
105000.E-01  2554.20E-04  2652.60E-04
110000.E-01  4103.20E-04  4175.20E-04
115000.E-01  5235.90E-04  5351.10E-04
120000.E-01  1238.38E-03  1255.42E-03
125000.E-01  1676.25E-03  1701.69E-03
130000.E-01  1094.56E-03  1118.08E-03
135000.E-01  1911.95E-03  1948.19E-03
140000.E-01  4585.75E-04  4676.95E-04
145000.E-01  3258.12E-04  3346.92E-04
150000.E-01  0000.00E+00  0000.00E+00
155000.E-01  1355.85E-04  1394.25E-04
160000.E-01  0000.00E+00  0000.00E+00
165000.E-01  0000.00E+00  0000.00E+00
170000.E-01  0000.00E+00  0000.00E+00
175000.E-01  0000.00E+00  0000.00E+00
180000.E-01  0000.00E+00  0000.00E+00
185000.E-01  0000.00E+00  0000.00E+00
190000.E-01  0000.00E+00  0000.00E+00
195000.E-01  0000.00E+00  0000.00E+00
200000.E-01  0000.00E+00  0000.00E+00
205000.E-01  0000.00E+00  0000.00E+00
210000.E-01  0000.00E+00  0000.00E+00
215000.E-01  0000.00E+00  0000.00E+00
220000.E-01  0000.00E+00  0000.00E+00
225000.E-01  0000.00E+00  0000.00E+00
230000.E-01  0000.00E+00  0000.00E+00
235000.E-01  0000.00E+00  0000.00E+00
240000.E-01  0000.00E+00  0000.00E+00
245000.E-01  0000.00E+00  0000.00E+00
250000.E-01  0000.00E+00  0000.00E+00
255000.E-01  0000.00E+00  0000.00E+00
260000.E-01  0000.00E+00  0000.00E+00
265000.E-01  0000.00E+00  0000.00E+00
270000.E-01  0000.00E+00  0000.00E+00
275000.E-01  0000.00E+00  0000.00E+00
280000.E-01  0000.00E+00  0000.00E+00
285000.E-01  0000.00E+00  0000.00E+00
290000.E-01  0000.00E+00  0000.00E+00
295000.E-01  0000.00E+00  0000.00E+00
300000.E-01  0000.00E+00  0000.00E+00
305000.E-01  0000.00E+00  0000.00E+00
310000.E-01  0000.00E+00  0000.00E+00
315000.E-01  0000.00E+00  0000.00E+00
320000.E-01  0000.00E+00  0000.00E+00
325000.E-01  0000.00E+00  0000.00E+00
330000.E-01  0000.00E+00  0000.00E+00
335000.E-01  0000.00E+00  0000.00E+00
340000.E-01  0000.00E+00  0000.00E+00
345000.E-01  0000.00E+00  0000.00E+00
350000.E-01  0000.00E+00  0000.00E+00
355000.E-01  0000.00E+00  0000.00E+00
360000.E-01  0000.00E+00  0000.00E+00
365000.E-01  0000.00E+00  0000.00E+00
370000.E-01  0000.00E+00  0000.00E+00
375000.E-01  0000.00E+00  0000.00E+00
380000.E-01  0000.00E+00  0000.00E+00
385000.E-01  0000.00E+00  0000.00E+00
390000.E-01  0000.00E+00  0000.00E+00
395000.E-01  0000.00E+00  0000.00E+00
400000.E-01  0000.00E+00  0000.00E+00
405000.E-01  0000.00E+00  0000.00E+00
410000.E-01  0000.00E+00  0000.00E+00
415000.E-01  0000.00E+00  0000.00E+00
420000.E-01  0000.00E+00  0000.00E+00
425000.E-01  0000.00E+00  0000.00E+00
430000.E-01  0000.00E+00  0000.00E+00
435000.E-01  0000.00E+00  0000.00E+00
440000.E-01  0000.00E+00  0000.00E+00
445000.E-01  0000.00E+00  0000.00E+00
450000.E-01  0000.00E+00  0000.00E+00
455000.E-01  0000.00E+00  0000.00E+00
460000.E-01  0000.00E+00  0000.00E+00
465000.E-01  0000.00E+00  0000.00E+00
470000.E-01  0000.00E+00  0000.00E+00
475000.E-01  0000.00E+00  0000.00E+00
480000.E-01  0000.00E+00  0000.00E+00
485000.E-01  0000.00E+00  0000.00E+00
490000.E-01  0000.00E+00  0000.00E+00
495000.E-01  0000.00E+00  0000.00E+00
500000.E-01  0000.00E+00  0000.00E+00
