====== pysrim run =======
        SRIM-2013.00
=======================================
    Energy transferred to RECOILS      
 See SRIM Outputs\TDATA.txt for calc. details 
=======================================
--------------------------------------------------------------------
    Recoil/Damage Calculations made with Kinchin-Pease Estimates    
--------------------------------------------------------------------
 See file: SRIM Outputs\TDATA.txt for data about the calculation
 Ion    = He   Energy = 500 keV
============= TARGET MATERIAL ======================================
Layer  1 : ceria
Layer Width = 10000.E+00 AAA ;
  Layer # 1- Density = 7.578E22 atoms/cm3 = 7.22 g/cm3
  Layer # 1- Ce = 33.3 Atomic Percent = 81.4 Mass Percent
  Layer # 1-  O = 66.6 Atomic Percent = 18.5 Mass Percent
====================================================================
 Total Ions calculated =24.94
===========================================================
  Table Energy Units are  >>>>  eV /(Angstrom-Ion)  <<<<  
===========================================================
   DEPTH       ENERGY       ENERGY    
   DEPTH        from        Absorbed  
   (Ang.)       IONS        by Recoils
----------   ------------  -----------
100010.E-03  2646.63E-05  2646.63E-05
200010.E-03  6544.30E-05  6544.30E-05
300010.E-03  4899.26E-05  5019.54E-05
400010.E-03  3466.06E-05  3586.34E-05
500010.E-03  3158.14E-05  3278.42E-05
600010.E-03  3308.37E-05  3308.37E-05
700010.E-03  4154.32E-05  4394.89E-05
800010.E-03  7201.16E-05  7321.44E-05
900010.E-03  1710.10E-04  1722.13E-04
100001.E-02  1889.99E-04  1889.99E-04
110001.E-02  1792.65E-04  1816.71E-04
120001.E-02  1605.55E-04  1617.58E-04
130001.E-02  4814.67E-05  5536.37E-05
140001.E-02  8140.74E-06  8140.74E-06
150001.E-02  1008.31E-05  1008.31E-05
160001.E-02  7584.96E-05  7584.96E-05
170001.E-02  1657.94E-04  1657.94E-04
180001.E-02  1882.08E-04  1894.11E-04
190001.E-02  1887.13E-04  1899.16E-04
200001.E-02  1758.09E-04  1782.15E-04
210001.E-02  1470.60E-04  1494.66E-04
220001.E-02  1105.62E-04  1129.68E-04
230001.E-02  1925.10E-04  1937.12E-04
240001.E-02  2216.28E-04  2240.34E-04
250001.E-02  1841.78E-04  1841.78E-04
260001.E-02  1968.56E-04  1968.56E-04
270001.E-02  9109.41E-05  9349.98E-05
280001.E-02  7482.26E-05  7602.54E-05
290001.E-02  6793.95E-05  7154.80E-05
300001.E-02  7134.61E-05  7134.61E-05
310001.E-02  9549.28E-04  9573.34E-04
320001.E-02  1610.33E-03  1613.94E-03
330001.E-02  1617.89E-03  1620.30E-03
340001.E-02  1425.21E-03  1428.82E-03
350001.E-02  2358.42E-04  2370.45E-04
360001.E-02  2218.92E-04  2255.00E-04
370001.E-02  1591.79E-04  1603.82E-04
380001.E-02  1424.83E-04  1460.91E-04
390001.E-02  5375.18E-04  5387.21E-04
400001.E-02  1040.50E-03  1040.50E-03
410001.E-02  1281.08E-03  1282.28E-03
420001.E-02  1043.37E-03  1049.38E-03
430001.E-02  3814.29E-04  3850.37E-04
440001.E-02  8396.87E-05  8757.72E-05
450001.E-02  6714.54E-05  7075.39E-05
460001.E-02  1594.77E-04  1618.83E-04
470001.E-02  1335.61E-04  1371.70E-04
480001.E-02  2067.22E-04  2103.31E-04
490001.E-02  1664.09E-04  1700.17E-04
500001.E-02  1098.04E-04  1146.15E-04
510001.E-02  6147.36E-05  6387.92E-05
520001.E-02  2132.02E-04  2156.08E-04
530001.E-02  3402.99E-04  3487.19E-04
540001.E-02  7259.81E-04  7331.98E-04
550001.E-02  3719.05E-04  3767.16E-04
560001.E-02  8631.17E-04  8655.23E-04
570001.E-02  6045.85E-04  6154.11E-04
580001.E-02  6784.90E-05  7266.04E-05
590001.E-02  1314.74E-04  1326.76E-04
600001.E-02  2658.33E-04  2670.36E-04
610001.E-02  6666.74E-04  6714.85E-04
620001.E-02  3802.04E-04  3874.21E-04
630001.E-02  1524.49E-04  1596.66E-04
640001.E-02  9333.41E-03  9344.24E-03
650001.E-02  1111.72E-02  1113.53E-02
660001.E-02  3642.95E-03  3650.17E-03
670001.E-02  4935.56E-04  4983.67E-04
680001.E-02  2415.76E-04  2439.82E-04
690001.E-02  9792.51E-05  9912.79E-05
700001.E-02  3534.75E-04  3558.80E-04
710001.E-02  2960.72E-04  3008.84E-04
720001.E-02  1621.95E-04  1658.04E-04
730001.E-02  3433.34E-04  3457.39E-04
740001.E-02  2937.34E-04  2973.42E-04
750001.E-02  2758.16E-04  2782.22E-04
760001.E-02  7204.21E-04  7264.35E-04
770001.E-02  4247.88E-04  4320.05E-04
780001.E-02  1412.52E-04  1484.69E-04
790001.E-02  1176.60E-04  1200.66E-04
800001.E-02  4458.12E-04  4482.18E-04
810001.E-02  2580.15E-04  2616.23E-04
820001.E-02  7283.39E-05  8125.37E-05
830001.E-02  6323.32E-05  6443.61E-05
840001.E-02  1759.99E-04  1784.05E-04
850001.E-02  4316.47E-04  4364.58E-04
860001.E-02  1923.24E-03  1938.88E-03
870001.E-02  9303.21E-04  9531.75E-04
880001.E-02  6321.12E-04  6561.68E-04
890001.E-02  8885.23E-04  9005.51E-04
900001.E-02  3125.77E-04  3209.97E-04
910001.E-02  4554.87E-04  4639.07E-04
920001.E-02  1022.56E-03  1035.79E-03
930001.E-02  2615.88E-03  2625.51E-03
940001.E-02  2791.27E-04  2827.35E-04
950001.E-02  3315.51E-04  3351.60E-04
960001.E-02  7355.01E-04  7487.32E-04
970001.E-02  9887.02E-04  1000.73E-03
980001.E-02  1329.34E-03  1349.79E-03
990001.E-02  1002.65E-03  1032.72E-03
100000.E-01  1627.59E-03  1643.23E-03
