====== pysrim run =======
        SRIM-2013.00
=======================================
    Energy transferred to RECOILS      
 See SRIM Outputs\TDATA.txt for calc. details 
=======================================
--------------------------------------------------------------------
    Recoil/Damage Calculations made with Kinchin-Pease Estimates    
--------------------------------------------------------------------
 See file: SRIM Outputs\TDATA.txt for data about the calculation
 Ion    = He   Energy = 500 keV
============= TARGET MATERIAL ======================================
Layer  1 : Ni
Layer Width = 20000.E+00 AAA ;
  Layer # 1- Density = 9.131E22 atoms/cm3 = 8.9 g/cm3
  Layer # 1- Ni = 100  Atomic Percent = 100  Mass Percent
====================================================================
 Total Ions calculated =25.00
===========================================================
  Table Energy Units are  >>>>  eV /(Angstrom-Ion)  <<<<  
===========================================================
   DEPTH       ENERGY       ENERGY    
   DEPTH        from        Absorbed  
   (Ang.)       IONS        by Recoils
----------   ------------  -----------
200010.E-03  1461.19E-04  1461.19E-04
400010.E-03  8679.36E-05  8679.36E-05
600010.E-03  5491.82E-05  5491.82E-05
800010.E-03  2244.44E-04  2244.44E-04
100001.E-02  2807.16E-04  2807.16E-04
120001.E-02  4245.00E-05  4245.00E-05
140001.E-02  1039.80E-04  1039.80E-04
160001.E-02  7603.59E-05  7603.59E-05
180001.E-02  1069.58E-04  1069.58E-04
200001.E-02  9026.56E-05  9026.56E-05
220001.E-02  6152.39E-05  6152.39E-05
240001.E-02  8649.69E-05  8649.69E-05
260001.E-02  4297.76E-04  4297.76E-04
280001.E-02  2713.76E-04  2713.76E-04
300001.E-02  2122.31E-04  2122.31E-04
320001.E-02  7280.34E-05  7280.34E-05
340001.E-02  5981.63E-05  5981.63E-05
360001.E-02  2071.76E-04  2071.76E-04
380001.E-02  3748.05E-04  3748.05E-04
400001.E-02  3715.72E-04  3715.72E-04
420001.E-02  2314.32E-04  2314.32E-04
440001.E-02  3092.75E-04  3092.75E-04
460001.E-02  8722.17E-04  8722.17E-04
480001.E-02  1623.90E-04  1623.90E-04
500001.E-02  1642.42E-04  1642.42E-04
520001.E-02  3029.92E-04  3029.92E-04
540001.E-02  4650.18E-04  4650.18E-04
560001.E-02  1044.00E-03  1044.00E-03
580001.E-02  4145.83E-04  4145.83E-04
600001.E-02  1559.37E-04  1559.37E-04
620001.E-02  1847.75E-04  1847.75E-04
640001.E-02  5872.39E-05  5872.39E-05
660001.E-02  6557.47E-04  6557.47E-04
680001.E-02  6413.01E-04  6413.01E-04
700001.E-02  2839.39E-03  2839.39E-03
720001.E-02  1710.77E-03  1710.77E-03
740001.E-02  4137.53E-04  4137.53E-04
760001.E-02  7982.44E-04  7982.44E-04
780001.E-02  1206.65E-03  1206.65E-03
800001.E-02  1021.98E-03  1021.98E-03
820001.E-02  7522.31E-04  7522.31E-04
840001.E-02  1171.58E-03  1171.58E-03
860001.E-02  2578.92E-03  2578.92E-03
880001.E-02  2112.25E-03  2112.25E-03
900001.E-02  3182.17E-03  3182.17E-03
920001.E-02  3290.18E-03  3290.18E-03
940001.E-02  2444.81E-03  2444.81E-03
960001.E-02  1955.04E-03  1955.04E-03
980001.E-02  3139.68E-03  3139.68E-03
100000.E-01  2156.80E-03  2156.80E-03
102000.E-01  1601.75E-03  1601.75E-03
104000.E-01  2240.90E-03  2240.90E-03
106000.E-01  9650.61E-04  9650.61E-04
108000.E-01  6061.77E-04  6061.77E-04
110000.E-01  3083.96E-04  3083.96E-04
112000.E-01  4607.93E-04  4607.93E-04
114000.E-01  0000.00E+00  0000.00E+00
116000.E-01  0000.00E+00  0000.00E+00
118000.E-01  0000.00E+00  0000.00E+00
120000.E-01  0000.00E+00  0000.00E+00
122000.E-01  0000.00E+00  0000.00E+00
124000.E-01  0000.00E+00  0000.00E+00
126000.E-01  0000.00E+00  0000.00E+00
128000.E-01  0000.00E+00  0000.00E+00
130000.E-01  0000.00E+00  0000.00E+00
132000.E-01  0000.00E+00  0000.00E+00
134000.E-01  0000.00E+00  0000.00E+00
136000.E-01  0000.00E+00  0000.00E+00
138000.E-01  0000.00E+00  0000.00E+00
140000.E-01  0000.00E+00  0000.00E+00
142000.E-01  0000.00E+00  0000.00E+00
144000.E-01  0000.00E+00  0000.00E+00
146000.E-01  0000.00E+00  0000.00E+00
148000.E-01  0000.00E+00  0000.00E+00
150000.E-01  0000.00E+00  0000.00E+00
152000.E-01  0000.00E+00  0000.00E+00
154000.E-01  0000.00E+00  0000.00E+00
156000.E-01  0000.00E+00  0000.00E+00
158000.E-01  0000.00E+00  0000.00E+00
160000.E-01  0000.00E+00  0000.00E+00
162000.E-01  0000.00E+00  0000.00E+00
164000.E-01  0000.00E+00  0000.00E+00
166000.E-01  0000.00E+00  0000.00E+00
168000.E-01  0000.00E+00  0000.00E+00
170000.E-01  0000.00E+00  0000.00E+00
172000.E-01  0000.00E+00  0000.00E+00
174000.E-01  0000.00E+00  0000.00E+00
176000.E-01  0000.00E+00  0000.00E+00
178000.E-01  0000.00E+00  0000.00E+00
180000.E-01  0000.00E+00  0000.00E+00
182000.E-01  0000.00E+00  0000.00E+00
184000.E-01  0000.00E+00  0000.00E+00
186000.E-01  0000.00E+00  0000.00E+00
188000.E-01  0000.00E+00  0000.00E+00
190000.E-01  0000.00E+00  0000.00E+00
192000.E-01  0000.00E+00  0000.00E+00
194000.E-01  0000.00E+00  0000.00E+00
196000.E-01  0000.00E+00  0000.00E+00
198000.E-01  0000.00E+00  0000.00E+00
200000.E-01  0000.00E+00  0000.00E+00
