====== pysrim run =======
        SRIM-2013.00
==========================================
    Ion and Target VACANCY production     
  See SRIM Outputs\TDATA.txt for calc. details
==========================================
--------------------------------------------------------------------
    Recoil/Damage Calculations made with Kinchin-Pease Estimates    
--------------------------------------------------------------------
 See file :  SRIM Outputs\TDATA.txt for calculation data
 Ion    = He   Energy = 300 keV
============= TARGET MATERIAL ======================================
Layer  1 : ceria
Layer Width =     2.E+04 A ;
  Layer # 1- Density = 7.578E22 atoms/cm3 = 7.22 g/cm3
  Layer # 1- Ce = 33.3 Atomic Percent = 81.4 Mass Percent
  Layer # 1-  O = 66.6 Atomic Percent = 18.5 Mass Percent
====================================================================
 Total Ions calculated =25.00
 Total Target Vacancies     = 89 /Ion

==========================================================
  Table Units are  >>>> Vacancies/(Angstrom-Ion)  <<<<  
==========================================================
   TARGET     VACANCIES     VACANCIES 
   DEPTH         by            by     
   (Ang.)       IONS         RECOILS  
-----------  -----------  ------------
200010.E-03  4000.00E-07  8160.51E-08  
400010.E-03  8000.00E-07  5847.56E-07  
600010.E-03  8000.00E-07  2444.72E-06  
800010.E-03  4000.00E-07  4661.43E-07  
100001.E-02  2000.00E-07  0000.00E+00  
120001.E-02  8000.00E-07  1429.23E-07  
140001.E-02  2000.00E-07  0000.00E+00  
160001.E-02  2000.00E-07  3864.35E-08  
180001.E-02  1000.00E-06  3673.15E-07  
200001.E-02  6000.00E-07  1195.99E-07  
220001.E-02  4000.00E-07  6165.84E-08  
240001.E-02  8000.00E-07  4061.40E-08  
260001.E-02  1200.00E-06  3801.79E-06  
280001.E-02  8000.00E-07  4909.00E-06  
300001.E-02  1000.00E-06  2411.40E-07  
320001.E-02  1000.00E-06  1442.76E-06  
340001.E-02  6000.00E-07  9429.54E-07  
360001.E-02  2000.00E-06  8079.61E-07  
380001.E-02  4000.00E-07  0000.00E+00  
400001.E-02  8000.00E-07  5035.69E-07  
420001.E-02  1800.00E-06  1534.55E-06  
440001.E-02  1000.00E-06  8276.23E-07  
460001.E-02  1200.00E-06  1545.21E-06  
480001.E-02  1400.00E-06  2626.87E-06  
500001.E-02  8000.00E-07  5638.30E-06  
520001.E-02  2400.00E-06  3408.16E-06  
540001.E-02  2400.00E-06  7545.74E-06  
560001.E-02  2400.00E-06  5296.35E-06  
580001.E-02  1400.00E-06  3002.94E-06  
600001.E-02  2400.00E-06  1726.34E-05  
620001.E-02  3200.00E-06  6084.02E-06  
640001.E-02  2000.00E-06  4430.21E-06  
660001.E-02  5400.00E-06  5381.80E-06  
680001.E-02  5200.00E-06  2234.24E-06  
700001.E-02  7800.00E-06  4408.66E-06  
720001.E-02  1300.00E-05  5093.73E-05  
740001.E-02  9800.00E-06  1187.81E-05  
760001.E-02  8600.00E-06  2357.55E-05  
780001.E-02  1120.00E-05  1609.80E-05  
800001.E-02  1060.00E-05  2896.92E-05  
820001.E-02  8200.00E-06  1537.49E-05  
840001.E-02  5800.00E-06  1377.71E-05  
860001.E-02  7800.00E-06  7005.28E-06  
880001.E-02  8000.00E-06  7144.74E-06  
900001.E-02  5600.00E-06  1345.02E-05  
920001.E-02  3400.00E-06  2435.72E-06  
940001.E-02  1400.00E-06  3066.93E-06  
960001.E-02  2400.00E-06  5189.28E-06  
980001.E-02  1400.00E-06  0000.00E+00  
100000.E-01  2200.00E-06  1409.49E-06  
102000.E-01  0000.00E+00  0000.00E+00  
104000.E-01  0000.00E+00  0000.00E+00  
106000.E-01  0000.00E+00  0000.00E+00  
108000.E-01  0000.00E+00  0000.00E+00  
110000.E-01  0000.00E+00  0000.00E+00  
112000.E-01  0000.00E+00  0000.00E+00  
114000.E-01  0000.00E+00  0000.00E+00  
116000.E-01  0000.00E+00  0000.00E+00  
118000.E-01  0000.00E+00  0000.00E+00  
120000.E-01  0000.00E+00  0000.00E+00  
122000.E-01  0000.00E+00  0000.00E+00  
124000.E-01  0000.00E+00  0000.00E+00  
126000.E-01  0000.00E+00  0000.00E+00  
128000.E-01  0000.00E+00  0000.00E+00  
130000.E-01  0000.00E+00  0000.00E+00  
132000.E-01  0000.00E+00  0000.00E+00  
134000.E-01  0000.00E+00  0000.00E+00  
136000.E-01  0000.00E+00  0000.00E+00  
138000.E-01  0000.00E+00  0000.00E+00  
140000.E-01  0000.00E+00  0000.00E+00  
142000.E-01  0000.00E+00  0000.00E+00  
144000.E-01  0000.00E+00  0000.00E+00  
146000.E-01  0000.00E+00  0000.00E+00  
148000.E-01  0000.00E+00  0000.00E+00  
150000.E-01  0000.00E+00  0000.00E+00  
152000.E-01  0000.00E+00  0000.00E+00  
154000.E-01  0000.00E+00  0000.00E+00  
156000.E-01  0000.00E+00  0000.00E+00  
158000.E-01  0000.00E+00  0000.00E+00  
160000.E-01  0000.00E+00  0000.00E+00  
162000.E-01  0000.00E+00  0000.00E+00  
164000.E-01  0000.00E+00  0000.00E+00  
166000.E-01  0000.00E+00  0000.00E+00  
168000.E-01  0000.00E+00  0000.00E+00  
170000.E-01  0000.00E+00  0000.00E+00  
172000.E-01  0000.00E+00  0000.00E+00  
174000.E-01  0000.00E+00  0000.00E+00  
176000.E-01  0000.00E+00  0000.00E+00  
178000.E-01  0000.00E+00  0000.00E+00  
180000.E-01  0000.00E+00  0000.00E+00  
182000.E-01  0000.00E+00  0000.00E+00  
184000.E-01  0000.00E+00  0000.00E+00  
186000.E-01  0000.00E+00  0000.00E+00  
188000.E-01  0000.00E+00  0000.00E+00  
190000.E-01  0000.00E+00  0000.00E+00  
192000.E-01  0000.00E+00  0000.00E+00  
194000.E-01  0000.00E+00  0000.00E+00  
196000.E-01  0000.00E+00  0000.00E+00  
198000.E-01  0000.00E+00  0000.00E+00  
200000.E-01  0000.00E+00  0000.00E+00  

 To convert to Energy Lost - multiply by Average Binding Energy =  3  eV/Vacancy
