====== pysrim run =======
        SRIM-2013.00
=======================================
    Energy transferred to RECOILS      
 See SRIM Outputs\TDATA.txt for calc. details 
=======================================
--------------------------------------------------------------------
    Recoil/Damage Calculations made with Kinchin-Pease Estimates    
--------------------------------------------------------------------
 See file: SRIM Outputs\TDATA.txt for data about the calculation
 Ion    = He   Energy = 250 keV
============= TARGET MATERIAL ======================================
Layer  1 : Ni
Layer Width = 20000.E+00 AAA ;
  Layer # 1- Density = 9.131E22 atoms/cm3 = 8.9 g/cm3
  Layer # 1- Ni = 100  Atomic Percent = 100  Mass Percent
====================================================================
 Total Ions calculated =25.00
===========================================================
  Table Energy Units are  >>>>  eV /(Angstrom-Ion)  <<<<  
===========================================================
   DEPTH       ENERGY       ENERGY    
   DEPTH        from        Absorbed  
   (Ang.)       IONS        by Recoils
----------   ------------  -----------
200010.E-03  9854.00E-05  9854.00E-05
400010.E-03  7679.50E-05  7679.50E-05
600010.E-03  1533.51E-04  1533.51E-04
800010.E-03  2380.66E-04  2380.66E-04
100001.E-02  3034.39E-04  3034.39E-04
120001.E-02  1421.90E-04  1421.90E-04
140001.E-02  1101.92E-04  1101.92E-04
160001.E-02  2391.22E-04  2391.22E-04
180001.E-02  1154.21E-04  1154.21E-04
200001.E-02  2756.43E-04  2756.43E-04
220001.E-02  1465.40E-04  1465.40E-04
240001.E-02  9658.18E-05  9658.18E-05
260001.E-02  3192.06E-04  3192.06E-04
280001.E-02  5493.06E-04  5493.06E-04
300001.E-02  1279.86E-03  1279.86E-03
320001.E-02  4819.38E-04  4819.38E-04
340001.E-02  2913.84E-03  2913.84E-03
360001.E-02  5722.43E-04  5722.43E-04
380001.E-02  6325.97E-04  6325.97E-04
400001.E-02  4578.69E-04  4578.69E-04
420001.E-02  6461.40E-04  6461.40E-04
440001.E-02  1207.48E-03  1207.48E-03
460001.E-02  2818.10E-03  2818.10E-03
480001.E-02  2764.33E-03  2764.33E-03
500001.E-02  1521.18E-03  1521.18E-03
520001.E-02  1398.00E-03  1398.00E-03
540001.E-02  3721.75E-03  3721.75E-03
560001.E-02  2916.16E-03  2916.16E-03
580001.E-02  2922.58E-03  2922.58E-03
600001.E-02  1441.54E-03  1441.54E-03
620001.E-02  1509.88E-03  1509.88E-03
640001.E-02  1208.78E-03  1208.78E-03
660001.E-02  1075.96E-03  1075.96E-03
680001.E-02  1528.31E-03  1528.31E-03
700001.E-02  7584.05E-04  7584.05E-04
720001.E-02  1326.84E-04  1326.84E-04
740001.E-02  6698.66E-05  6698.66E-05
760001.E-02  3359.02E-05  3359.02E-05
780001.E-02  1124.70E-04  1124.70E-04
800001.E-02  3019.44E-04  3019.44E-04
820001.E-02  2306.96E-06  2306.96E-06
840001.E-02  0000.00E+00  0000.00E+00
860001.E-02  0000.00E+00  0000.00E+00
880001.E-02  0000.00E+00  0000.00E+00
900001.E-02  0000.00E+00  0000.00E+00
920001.E-02  0000.00E+00  0000.00E+00
940001.E-02  0000.00E+00  0000.00E+00
960001.E-02  0000.00E+00  0000.00E+00
980001.E-02  0000.00E+00  0000.00E+00
100000.E-01  0000.00E+00  0000.00E+00
102000.E-01  0000.00E+00  0000.00E+00
104000.E-01  0000.00E+00  0000.00E+00
106000.E-01  0000.00E+00  0000.00E+00
108000.E-01  0000.00E+00  0000.00E+00
110000.E-01  0000.00E+00  0000.00E+00
112000.E-01  0000.00E+00  0000.00E+00
114000.E-01  0000.00E+00  0000.00E+00
116000.E-01  0000.00E+00  0000.00E+00
118000.E-01  0000.00E+00  0000.00E+00
120000.E-01  0000.00E+00  0000.00E+00
122000.E-01  0000.00E+00  0000.00E+00
124000.E-01  0000.00E+00  0000.00E+00
126000.E-01  0000.00E+00  0000.00E+00
128000.E-01  0000.00E+00  0000.00E+00
130000.E-01  0000.00E+00  0000.00E+00
132000.E-01  0000.00E+00  0000.00E+00
134000.E-01  0000.00E+00  0000.00E+00
136000.E-01  0000.00E+00  0000.00E+00
138000.E-01  0000.00E+00  0000.00E+00
140000.E-01  0000.00E+00  0000.00E+00
142000.E-01  0000.00E+00  0000.00E+00
144000.E-01  0000.00E+00  0000.00E+00
146000.E-01  0000.00E+00  0000.00E+00
148000.E-01  0000.00E+00  0000.00E+00
150000.E-01  0000.00E+00  0000.00E+00
152000.E-01  0000.00E+00  0000.00E+00
154000.E-01  0000.00E+00  0000.00E+00
156000.E-01  0000.00E+00  0000.00E+00
158000.E-01  0000.00E+00  0000.00E+00
160000.E-01  0000.00E+00  0000.00E+00
162000.E-01  0000.00E+00  0000.00E+00
164000.E-01  0000.00E+00  0000.00E+00
166000.E-01  0000.00E+00  0000.00E+00
168000.E-01  0000.00E+00  0000.00E+00
170000.E-01  0000.00E+00  0000.00E+00
172000.E-01  0000.00E+00  0000.00E+00
174000.E-01  0000.00E+00  0000.00E+00
176000.E-01  0000.00E+00  0000.00E+00
178000.E-01  0000.00E+00  0000.00E+00
180000.E-01  0000.00E+00  0000.00E+00
182000.E-01  0000.00E+00  0000.00E+00
184000.E-01  0000.00E+00  0000.00E+00
186000.E-01  0000.00E+00  0000.00E+00
188000.E-01  0000.00E+00  0000.00E+00
190000.E-01  0000.00E+00  0000.00E+00
192000.E-01  0000.00E+00  0000.00E+00
194000.E-01  0000.00E+00  0000.00E+00
196000.E-01  0000.00E+00  0000.00E+00
198000.E-01  0000.00E+00  0000.00E+00
200000.E-01  0000.00E+00  0000.00E+00
