====== pysrim run =======
        SRIM-2013.00
========================================
      Ion and Recoil IONIZATION     
 See SRIM Outputs\TDATA.txt for details   
========================================
--------------------------------------------------------------------
    Recoil/Damage Calculations made with Kinchin-Pease Estimates    
--------------------------------------------------------------------
 See file :  SRIM Outputs\TDATA.txt   for calculation data
 Ion    = He   Energy = 250 keV
============= TARGET MATERIAL ======================================
Layer 1 : Ni
Layer Width = 20000.E+00 A ;
  Layer # 1- Density = 9.131E22 atoms/cm3 = 8.9 g/cm3
  Layer # 1- Ni = 100  Atomic Percent = 100  Mass Percent
====================================================================
 Total Ions calculated =000025.00
===============================================================
  Ionization Energy Units are  >>>>  eV /(Angstrom-Ion)  <<<<  
===============================================================

  TARGET       IONIZ.       IONIZ.  
  DEPTH         by           by     
  (Ang)        IONS         RECOILS 
-----------  -----------  -----------
200010.E-03  5760.57E-02  1487.59E-05
400010.E-03  5441.67E-02  5667.91E-06
600010.E-03  5188.99E-02  2050.93E-05
800010.E-03  5224.82E-02  2656.00E-05
100001.E-02  5029.53E-02  6946.35E-05
120001.E-02  4848.77E-02  2781.03E-05
140001.E-02  4968.52E-02  1526.20E-05
160001.E-02  5091.94E-02  3940.66E-05
180001.E-02  4698.35E-02  2523.77E-05
200001.E-02  4437.71E-02  4603.51E-05
220001.E-02  4740.65E-02  2493.29E-05
240001.E-02  4289.94E-02  2437.16E-05
260001.E-02  4379.59E-02  3052.36E-05
280001.E-02  4466.89E-02  6768.60E-05
300001.E-02  5058.74E-02  2512.98E-04
320001.E-02  4058.57E-02  1042.98E-04
340001.E-02  3812.98E-02  7925.20E-05
360001.E-02  3706.10E-02  7530.34E-04
380001.E-02  3282.03E-02  9229.58E-05
400001.E-02  3271.69E-02  8866.73E-05
420001.E-02  3247.38E-02  1253.61E-04
440001.E-02  2822.35E-02  1781.21E-04
460001.E-02  3575.59E-02  4776.92E-04
480001.E-02  3417.84E-02  4993.99E-04
500001.E-02  2613.82E-02  2806.60E-04
520001.E-02  2281.35E-02  2081.87E-04
540001.E-02  2587.48E-02  5759.14E-04
560001.E-02  2546.92E-02  6458.61E-04
580001.E-02  1622.94E-02  4754.50E-04
600001.E-02  9612.43E-03  2804.41E-04
620001.E-02  1147.26E-02  2536.35E-04
640001.E-02  6342.04E-03  2077.93E-04
660001.E-02  5678.67E-03  1794.61E-04
680001.E-02  4853.42E-03  2655.34E-04
700001.E-02  1848.24E-03  1243.16E-04
720001.E-02  4495.09E-04  2342.28E-05
740001.E-02  2847.56E-04  1513.85E-05
760001.E-02  1935.78E-04  5216.05E-06
780001.E-02  2928.09E-04  1891.06E-05
800001.E-02  1003.54E-03  4299.42E-05
820001.E-02  2669.35E-05  1209.49E-05
840001.E-02  0000.00E+00  0000.00E+00
860001.E-02  0000.00E+00  0000.00E+00
880001.E-02  0000.00E+00  0000.00E+00
900001.E-02  0000.00E+00  0000.00E+00
920001.E-02  0000.00E+00  0000.00E+00
940001.E-02  0000.00E+00  0000.00E+00
960001.E-02  0000.00E+00  0000.00E+00
980001.E-02  0000.00E+00  0000.00E+00
100000.E-01  0000.00E+00  0000.00E+00
102000.E-01  0000.00E+00  0000.00E+00
104000.E-01  0000.00E+00  0000.00E+00
106000.E-01  0000.00E+00  0000.00E+00
108000.E-01  0000.00E+00  0000.00E+00
110000.E-01  0000.00E+00  0000.00E+00
112000.E-01  0000.00E+00  0000.00E+00
114000.E-01  0000.00E+00  0000.00E+00
116000.E-01  0000.00E+00  0000.00E+00
118000.E-01  0000.00E+00  0000.00E+00
120000.E-01  0000.00E+00  0000.00E+00
122000.E-01  0000.00E+00  0000.00E+00
124000.E-01  0000.00E+00  0000.00E+00
126000.E-01  0000.00E+00  0000.00E+00
128000.E-01  0000.00E+00  0000.00E+00
130000.E-01  0000.00E+00  0000.00E+00
132000.E-01  0000.00E+00  0000.00E+00
134000.E-01  0000.00E+00  0000.00E+00
136000.E-01  0000.00E+00  0000.00E+00
138000.E-01  0000.00E+00  0000.00E+00
140000.E-01  0000.00E+00  0000.00E+00
142000.E-01  0000.00E+00  0000.00E+00
144000.E-01  0000.00E+00  0000.00E+00
146000.E-01  0000.00E+00  0000.00E+00
148000.E-01  0000.00E+00  0000.00E+00
150000.E-01  0000.00E+00  0000.00E+00
152000.E-01  0000.00E+00  0000.00E+00
154000.E-01  0000.00E+00  0000.00E+00
156000.E-01  0000.00E+00  0000.00E+00
158000.E-01  0000.00E+00  0000.00E+00
160000.E-01  0000.00E+00  0000.00E+00
162000.E-01  0000.00E+00  0000.00E+00
164000.E-01  0000.00E+00  0000.00E+00
166000.E-01  0000.00E+00  0000.00E+00
168000.E-01  0000.00E+00  0000.00E+00
170000.E-01  0000.00E+00  0000.00E+00
172000.E-01  0000.00E+00  0000.00E+00
174000.E-01  0000.00E+00  0000.00E+00
176000.E-01  0000.00E+00  0000.00E+00
178000.E-01  0000.00E+00  0000.00E+00
180000.E-01  0000.00E+00  0000.00E+00
182000.E-01  0000.00E+00  0000.00E+00
184000.E-01  0000.00E+00  0000.00E+00
186000.E-01  0000.00E+00  0000.00E+00
188000.E-01  0000.00E+00  0000.00E+00
190000.E-01  0000.00E+00  0000.00E+00
192000.E-01  0000.00E+00  0000.00E+00
194000.E-01  0000.00E+00  0000.00E+00
196000.E-01  0000.00E+00  0000.00E+00
198000.E-01  0000.00E+00  0000.00E+00
200000.E-01  0000.00E+00  0000.00E+00
