====== pysrim run =======
        SRIM-2013.00
======================================== 
       Ion and Recoil PHONONS        
 See SRIM Outputs\TDATA.txt for calc. details
======================================== 
--------------------------------------------------------------------
    Recoil/Damage Calculations made with Kinchin-Pease Estimates    
--------------------------------------------------------------------
 See file :  SRIM Outputs\TDATA.txt calculation data
 Ion    = He   Energy = 250 keV
============= TARGET MATERIAL ======================================
Layer  1 : Ni
Layer Width =     2.E+04 AAA ;
  Layer # 1- Density = 9.131E22 atoms/cm3 = 8.9 g/cm3
  Layer # 1- Ni = 100  Atomic Percent = 100  Mass Percent
====================================================================
 Total Ions calculated =25.00
========================================================
  Table Units are  >>>> Phonons /(Angstrom-Ion)  <<<<  
========================================================
  DEPTH       PHONONS     PHONONS    
  (Ang.)      by ION      by RECOILS 
-----------  -----------  -----------
200010.E-03  478637.E-07  110995.E-06
400010.E-03  451389.E-07  523171.E-07
600010.E-03  315448.E-07  139182.E-06
800010.E-03  412707.E-07  181840.E-06
100001.E-02  402445.E-07  351016.E-06
120001.E-02  300172.E-07  170756.E-06
140001.E-02  536697.E-07  116736.E-06
160001.E-02  456148.E-07  246831.E-06
180001.E-02  563489.E-07  180530.E-06
200001.E-02  496115.E-07  271394.E-06
220001.E-02  547510.E-07  163053.E-06
240001.E-02  638733.E-07  179917.E-06
260001.E-02  484343.E-07  212220.E-06
280001.E-02  570912.E-07  396646.E-06
300001.E-02  141705.E-06  129582.E-05
320001.E-02  112885.E-06  619409.E-06
340001.E-02  150311.E-06  533302.E-06
360001.E-02  833664.E-07  238595.E-05
380001.E-02  945068.E-07  498302.E-06
400001.E-02  975504.E-07  536982.E-06
420001.E-02  149616.E-06  686326.E-06
440001.E-02  153298.E-06  106635.E-05
460001.E-02  366473.E-06  271912.E-05
480001.E-02  351177.E-06  272350.E-05
500001.E-02  147776.E-06  138638.E-05
520001.E-02  353144.E-06  142794.E-05
540001.E-02  484539.E-06  314463.E-05
560001.E-02  461962.E-06  337221.E-05
580001.E-02  312378.E-06  258875.E-05
600001.E-02  107125.E-06  145529.E-05
620001.E-02  319385.E-06  153905.E-05
640001.E-02  319835.E-06  132650.E-05
660001.E-02  244984.E-06  116259.E-05
680001.E-02  449194.E-06  173579.E-05
700001.E-02  992055.E-07  726782.E-06
720001.E-02  907834.E-07  182093.E-06
740001.E-02  102519.E-07  921987.E-07
760001.E-02  107561.E-07  396077.E-07
780001.E-02  228226.E-07  116844.E-06
800001.E-02  107531.E-06  296267.E-06
820001.E-02  561059.E-08  663240.E-07
840001.E-02  000000.E+00  000000.E+00
860001.E-02  000000.E+00  000000.E+00
880001.E-02  000000.E+00  000000.E+00
900001.E-02  000000.E+00  000000.E+00
920001.E-02  000000.E+00  000000.E+00
940001.E-02  000000.E+00  000000.E+00
960001.E-02  000000.E+00  000000.E+00
980001.E-02  000000.E+00  000000.E+00
100000.E-01  000000.E+00  000000.E+00
102000.E-01  000000.E+00  000000.E+00
104000.E-01  000000.E+00  000000.E+00
106000.E-01  000000.E+00  000000.E+00
108000.E-01  000000.E+00  000000.E+00
110000.E-01  000000.E+00  000000.E+00
112000.E-01  000000.E+00  000000.E+00
114000.E-01  000000.E+00  000000.E+00
116000.E-01  000000.E+00  000000.E+00
118000.E-01  000000.E+00  000000.E+00
120000.E-01  000000.E+00  000000.E+00
122000.E-01  000000.E+00  000000.E+00
124000.E-01  000000.E+00  000000.E+00
126000.E-01  000000.E+00  000000.E+00
128000.E-01  000000.E+00  000000.E+00
130000.E-01  000000.E+00  000000.E+00
132000.E-01  000000.E+00  000000.E+00
134000.E-01  000000.E+00  000000.E+00
136000.E-01  000000.E+00  000000.E+00
138000.E-01  000000.E+00  000000.E+00
140000.E-01  000000.E+00  000000.E+00
142000.E-01  000000.E+00  000000.E+00
144000.E-01  000000.E+00  000000.E+00
146000.E-01  000000.E+00  000000.E+00
148000.E-01  000000.E+00  000000.E+00
150000.E-01  000000.E+00  000000.E+00
152000.E-01  000000.E+00  000000.E+00
154000.E-01  000000.E+00  000000.E+00
156000.E-01  000000.E+00  000000.E+00
158000.E-01  000000.E+00  000000.E+00
160000.E-01  000000.E+00  000000.E+00
162000.E-01  000000.E+00  000000.E+00
164000.E-01  000000.E+00  000000.E+00
166000.E-01  000000.E+00  000000.E+00
168000.E-01  000000.E+00  000000.E+00
170000.E-01  000000.E+00  000000.E+00
172000.E-01  000000.E+00  000000.E+00
174000.E-01  000000.E+00  000000.E+00
176000.E-01  000000.E+00  000000.E+00
178000.E-01  000000.E+00  000000.E+00
180000.E-01  000000.E+00  000000.E+00
182000.E-01  000000.E+00  000000.E+00
184000.E-01  000000.E+00  000000.E+00
186000.E-01  000000.E+00  000000.E+00
188000.E-01  000000.E+00  000000.E+00
190000.E-01  000000.E+00  000000.E+00
192000.E-01  000000.E+00  000000.E+00
194000.E-01  000000.E+00  000000.E+00
196000.E-01  000000.E+00  000000.E+00
198000.E-01  000000.E+00  000000.E+00
200000.E-01  000000.E+00  000000.E+00
