====== pysrim run =======
        SRIM-2013.00
=======================================
    Energy transferred to RECOILS      
 See SRIM Outputs\TDATA.txt for calc. details 
=======================================
--------------------------------------------------------------------
    Recoil/Damage Calculations made with Kinchin-Pease Estimates    
--------------------------------------------------------------------
 See file: SRIM Outputs\TDATA.txt for data about the calculation
 Ion    = He   Energy = 600 keV
============= TARGET MATERIAL ======================================
Layer  1 : ceria
Layer Width = 20000.E+00 AAA ;
  Layer # 1- Density = 7.578E22 atoms/cm3 = 7.22 g/cm3
  Layer # 1- Ce = 33.3 Atomic Percent = 81.4 Mass Percent
  Layer # 1-  O = 66.6 Atomic Percent = 18.5 Mass Percent
====================================================================
 Total Ions calculated =25.00
===========================================================
  Table Energy Units are  >>>>  eV /(Angstrom-Ion)  <<<<  
===========================================================
   DEPTH       ENERGY       ENERGY    
   DEPTH        from        Absorbed  
   (Ang.)       IONS        by Recoils
----------   ------------  -----------
200010.E-03  1540.78E-05  1600.78E-05
400010.E-03  1007.49E-05  1007.49E-05
600010.E-03  1877.36E-03  1878.56E-03
800010.E-03  3962.13E-03  3962.13E-03
100001.E-02  3936.53E-03  3938.33E-03
120001.E-02  4634.61E-04  4658.61E-04
140001.E-02  2629.10E-05  2689.10E-05
160001.E-02  3720.70E-05  3840.70E-05
180001.E-02  1241.72E-04  1253.72E-04
200001.E-02  1260.65E-04  1284.65E-04
220001.E-02  7843.47E-05  8083.47E-05
240001.E-02  2437.17E-05  2497.17E-05
260001.E-02  1264.19E-05  1384.19E-05
280001.E-02  8314.48E-06  8314.48E-06
300001.E-02  3396.89E-05  3456.89E-05
320001.E-02  3980.98E-05  4040.98E-05
340001.E-02  1464.83E-05  1704.83E-05
360001.E-02  1438.01E-05  1498.01E-05
380001.E-02  5073.43E-05  5193.43E-05
400001.E-02  4515.48E-05  4635.48E-05
420001.E-02  2764.63E-04  2782.63E-04
440001.E-02  3289.91E-04  3307.91E-04
460001.E-02  5981.90E-05  6281.90E-05
480001.E-02  4378.13E-05  4498.13E-05
500001.E-02  7698.61E-05  7818.61E-05
520001.E-02  8127.26E-05  8367.26E-05
540001.E-02  5676.51E-05  5976.51E-05
560001.E-02  5934.67E-05  6054.67E-05
580001.E-02  3797.51E-04  3887.51E-04
600001.E-02  2852.28E-04  2942.28E-04
620001.E-02  2365.14E-04  2377.14E-04
640001.E-02  8152.30E-04  8284.30E-04
660001.E-02  1255.72E-04  1291.72E-04
680001.E-02  1718.59E-03  1723.99E-03
700001.E-02  9922.07E-04  9988.07E-04
720001.E-02  1319.38E-04  1343.38E-04
740001.E-02  9527.85E-05  9767.85E-05
760001.E-02  3881.11E-04  3917.11E-04
780001.E-02  8932.24E-04  8968.24E-04
800001.E-02  9284.34E-04  9332.34E-04
820001.E-02  7303.13E-04  7327.13E-04
840001.E-02  8505.53E-05  8745.53E-05
860001.E-02  3867.80E-05  4047.80E-05
880001.E-02  3749.16E-04  3797.16E-04
900001.E-02  1109.74E-03  1126.54E-03
920001.E-02  5117.93E-04  5213.93E-04
940001.E-02  2132.16E-03  2145.96E-03
960001.E-02  1360.51E-03  1376.71E-03
980001.E-02  3296.26E-04  3350.26E-04
100000.E-01  2725.20E-04  2779.20E-04
102000.E-01  3247.89E-04  3289.89E-04
104000.E-01  5996.30E-04  6110.30E-04
106000.E-01  6474.29E-04  6606.29E-04
108000.E-01  3908.64E-04  3998.64E-04
110000.E-01  1301.77E-03  1310.17E-03
112000.E-01  8278.73E-04  8440.73E-04
114000.E-01  1138.32E-03  1159.32E-03
116000.E-01  2009.27E-03  2032.07E-03
118000.E-01  1106.68E-03  1125.28E-03
120000.E-01  1192.96E-03  1215.16E-03
122000.E-01  1805.49E-03  1826.49E-03
124000.E-01  1948.78E-03  1968.58E-03
126000.E-01  8194.66E-04  8308.66E-04
128000.E-01  1466.86E-03  1499.86E-03
130000.E-01  1119.22E-03  1138.42E-03
132000.E-01  1914.14E-03  1931.54E-03
134000.E-01  2040.73E-04  2118.73E-04
136000.E-01  4043.79E-04  4115.79E-04
138000.E-01  1465.70E-03  1483.10E-03
140000.E-01  5063.65E-04  5153.65E-04
142000.E-01  1211.08E-04  1229.08E-04
144000.E-01  1620.15E-04  1698.15E-04
146000.E-01  0000.00E+00  0000.00E+00
148000.E-01  0000.00E+00  0000.00E+00
150000.E-01  0000.00E+00  0000.00E+00
152000.E-01  0000.00E+00  0000.00E+00
154000.E-01  0000.00E+00  0000.00E+00
156000.E-01  0000.00E+00  0000.00E+00
158000.E-01  0000.00E+00  0000.00E+00
160000.E-01  0000.00E+00  0000.00E+00
162000.E-01  0000.00E+00  0000.00E+00
164000.E-01  0000.00E+00  0000.00E+00
166000.E-01  0000.00E+00  0000.00E+00
168000.E-01  0000.00E+00  0000.00E+00
170000.E-01  0000.00E+00  0000.00E+00
172000.E-01  0000.00E+00  0000.00E+00
174000.E-01  0000.00E+00  0000.00E+00
176000.E-01  0000.00E+00  0000.00E+00
178000.E-01  0000.00E+00  0000.00E+00
180000.E-01  0000.00E+00  0000.00E+00
182000.E-01  0000.00E+00  0000.00E+00
184000.E-01  0000.00E+00  0000.00E+00
186000.E-01  0000.00E+00  0000.00E+00
188000.E-01  0000.00E+00  0000.00E+00
190000.E-01  0000.00E+00  0000.00E+00
192000.E-01  0000.00E+00  0000.00E+00
194000.E-01  0000.00E+00  0000.00E+00
196000.E-01  0000.00E+00  0000.00E+00
198000.E-01  0000.00E+00  0000.00E+00
200000.E-01  0000.00E+00  0000.00E+00
