====== pysrim run =======
        SRIM-2013.00
==========================================
    Ion and Target VACANCY production     
  See SRIM Outputs\TDATA.txt for calc. details
==========================================
--------------------------------------------------------------------
    Recoil/Damage Calculations made with Kinchin-Pease Estimates    
--------------------------------------------------------------------
 See file :  SRIM Outputs\TDATA.txt for calculation data
 Ion    = He   Energy = 500 keV
============= TARGET MATERIAL ======================================
Layer  1 : ceria
Layer Width =     2.E+04 A ;
  Layer # 1- Density = 7.578E22 atoms/cm3 = 7.22 g/cm3
  Layer # 1- Ce = 33.3 Atomic Percent = 81.4 Mass Percent
  Layer # 1-  O = 66.6 Atomic Percent = 18.5 Mass Percent
====================================================================
 Total Ions calculated =25.00
 Total Target Vacancies     = 95 /Ion

==========================================================
  Table Units are  >>>> Vacancies/(Angstrom-Ion)  <<<<  
==========================================================
   TARGET     VACANCIES     VACANCIES 
   DEPTH         by            by     
   (Ang.)       IONS         RECOILS  
-----------  -----------  ------------
200010.E-03  2000.00E-07  0000.00E+00  
400010.E-03  2000.00E-07  2106.93E-07  
600010.E-03  2000.00E-07  0000.00E+00  
800010.E-03  2000.00E-07  0000.00E+00  
100001.E-02  4000.00E-07  1712.54E-06  
120001.E-02  1000.00E-06  1782.02E-06  
140001.E-02  2000.00E-07  0000.00E+00  
160001.E-02  6000.00E-07  4237.23E-06  
180001.E-02  6000.00E-07  4011.06E-07  
200001.E-02  6000.00E-07  0000.00E+00  
220001.E-02  8000.00E-07  2285.87E-05  
240001.E-02  4000.00E-07  0000.00E+00  
260001.E-02  6000.00E-07  3064.87E-06  
280001.E-02  2000.00E-07  0000.00E+00  
300001.E-02  8000.00E-07  6315.26E-07  
320001.E-02  8000.00E-07  2938.23E-07  
340001.E-02  8000.00E-07  1160.58E-07  
360001.E-02  2000.00E-07  7954.64E-08  
380001.E-02  4000.00E-07  1591.87E-06  
400001.E-02  1000.00E-06  1182.30E-06  
420001.E-02  1000.00E-06  3676.09E-07  
440001.E-02  1200.00E-06  2011.97E-06  
460001.E-02  1600.00E-06  5331.85E-07  
480001.E-02  1200.00E-06  1186.20E-06  
500001.E-02  2000.00E-07  0000.00E+00  
520001.E-02  1400.00E-06  1325.42E-06  
540001.E-02  8000.00E-07  1302.28E-06  
560001.E-02  1200.00E-06  1904.46E-06  
580001.E-02  8000.00E-07  1217.63E-07  
600001.E-02  1200.00E-06  1124.44E-06  
620001.E-02  8000.00E-07  4074.01E-07  
640001.E-02  8000.00E-07  5334.07E-06  
660001.E-02  1200.00E-06  3274.59E-06  
680001.E-02  1600.00E-06  2415.46E-06  
700001.E-02  8000.00E-07  2410.98E-06  
720001.E-02  2000.00E-06  1249.55E-06  
740001.E-02  1600.00E-06  3559.33E-06  
760001.E-02  4400.00E-06  4745.77E-06  
780001.E-02  2000.00E-06  4015.59E-06  
800001.E-02  1800.00E-06  7449.14E-06  
820001.E-02  1600.00E-06  2440.53E-07  
840001.E-02  2000.00E-06  2609.07E-06  
860001.E-02  2800.00E-06  6443.51E-06  
880001.E-02  3000.00E-06  4243.45E-06  
900001.E-02  5800.00E-06  1605.04E-05  
920001.E-02  3400.00E-06  3016.51E-06  
940001.E-02  6600.00E-06  6779.12E-06  
960001.E-02  7200.00E-06  6750.87E-06  
980001.E-02  6000.00E-06  4960.35E-05  
100000.E-01  4600.00E-06  3251.76E-06  
102000.E-01  7000.00E-06  1206.09E-05  
104000.E-01  4200.00E-06  1764.90E-05  
106000.E-01  6400.00E-06  1285.75E-05  
108000.E-01  9600.00E-06  1189.12E-05  
110000.E-01  1040.00E-05  1102.72E-05  
112000.E-01  1000.00E-05  9478.86E-06  
114000.E-01  1080.00E-05  9817.05E-06  
116000.E-01  9400.00E-06  8051.91E-06  
118000.E-01  5200.00E-06  4317.06E-06  
120000.E-01  6000.00E-06  1112.63E-05  
122000.E-01  2800.00E-06  3044.44E-06  
124000.E-01  5000.00E-06  4182.29E-06  
126000.E-01  3800.00E-06  1453.99E-06  
128000.E-01  3200.00E-06  6706.74E-07  
130000.E-01  6000.00E-07  0000.00E+00  
132000.E-01  0000.00E+00  0000.00E+00  
134000.E-01  0000.00E+00  0000.00E+00  
136000.E-01  0000.00E+00  0000.00E+00  
138000.E-01  0000.00E+00  0000.00E+00  
140000.E-01  0000.00E+00  0000.00E+00  
142000.E-01  0000.00E+00  0000.00E+00  
144000.E-01  0000.00E+00  0000.00E+00  
146000.E-01  0000.00E+00  0000.00E+00  
148000.E-01  0000.00E+00  0000.00E+00  
150000.E-01  0000.00E+00  0000.00E+00  
152000.E-01  0000.00E+00  0000.00E+00  
154000.E-01  0000.00E+00  0000.00E+00  
156000.E-01  0000.00E+00  0000.00E+00  
158000.E-01  0000.00E+00  0000.00E+00  
160000.E-01  0000.00E+00  0000.00E+00  
162000.E-01  0000.00E+00  0000.00E+00  
164000.E-01  0000.00E+00  0000.00E+00  
166000.E-01  0000.00E+00  0000.00E+00  
168000.E-01  0000.00E+00  0000.00E+00  
170000.E-01  0000.00E+00  0000.00E+00  
172000.E-01  0000.00E+00  0000.00E+00  
174000.E-01  0000.00E+00  0000.00E+00  
176000.E-01  0000.00E+00  0000.00E+00  
178000.E-01  0000.00E+00  0000.00E+00  
180000.E-01  0000.00E+00  0000.00E+00  
182000.E-01  0000.00E+00  0000.00E+00  
184000.E-01  0000.00E+00  0000.00E+00  
186000.E-01  0000.00E+00  0000.00E+00  
188000.E-01  0000.00E+00  0000.00E+00  
190000.E-01  0000.00E+00  0000.00E+00  
192000.E-01  0000.00E+00  0000.00E+00  
194000.E-01  0000.00E+00  0000.00E+00  
196000.E-01  0000.00E+00  0000.00E+00  
198000.E-01  0000.00E+00  0000.00E+00  
200000.E-01  0000.00E+00  0000.00E+00  

 To convert to Energy Lost - multiply by Average Binding Energy =  3  eV/Vacancy
