====== pysrim run =======
        SRIM-2013.00
=======================================
    Energy transferred to RECOILS      
 See SRIM Outputs\TDATA.txt for calc. details 
=======================================
--------------------------------------------------------------------
    Recoil/Damage Calculations made with Kinchin-Pease Estimates    
--------------------------------------------------------------------
 See file: SRIM Outputs\TDATA.txt for data about the calculation
 Ion    = He   Energy = 200 keV
============= TARGET MATERIAL ======================================
Layer  1 : ceria
Layer Width = 10000.E+00 AAA ;
  Layer # 1- Density = 7.578E22 atoms/cm3 = 7.22 g/cm3
  Layer # 1- Ce = 33.3 Atomic Percent = 81.4 Mass Percent
  Layer # 1-  O = 66.6 Atomic Percent = 18.5 Mass Percent
====================================================================
 Total Ions calculated =25.00
===========================================================
  Table Energy Units are  >>>>  eV /(Angstrom-Ion)  <<<<  
===========================================================
   DEPTH       ENERGY       ENERGY    
   DEPTH        from        Absorbed  
   (Ang.)       IONS        by Recoils
----------   ------------  -----------
100010.E-03  7840.10E-05  7840.10E-05
200010.E-03  1362.42E-04  1374.42E-04
300010.E-03  9877.71E-05  1035.77E-04
400010.E-03  7865.32E-05  8105.32E-05
500010.E-03  5354.11E-05  5474.11E-05
600010.E-03  5086.67E-05  5326.67E-05
700010.E-03  4250.43E-05  4490.43E-05
800010.E-03  6711.15E-05  6831.15E-05
900010.E-03  3362.83E-04  3362.83E-04
100001.E-02  4559.83E-04  4583.83E-04
110001.E-02  4344.77E-04  4380.77E-04
120001.E-02  4727.49E-04  4763.49E-04
130001.E-02  3152.01E-04  3188.01E-04
140001.E-02  1428.72E-04  1464.72E-04
150001.E-02  1049.46E-04  1073.46E-04
160001.E-02  1307.17E-04  1367.17E-04
170001.E-02  1538.47E-03  1542.07E-03
180001.E-02  1114.24E-03  1122.64E-03
190001.E-02  2650.98E-03  2654.58E-03
200001.E-02  4747.55E-04  4819.55E-04
210001.E-02  7836.87E-04  7896.87E-04
220001.E-02  1902.38E-04  1938.38E-04
230001.E-02  4238.68E-04  4322.68E-04
240001.E-02  3450.43E-04  3510.43E-04
250001.E-02  6760.77E-04  6820.77E-04
260001.E-02  1870.31E-04  1942.31E-04
270001.E-02  4297.71E-04  4333.71E-04
280001.E-02  7721.53E-04  7769.53E-04
290001.E-02  1862.01E-04  1910.01E-04
300001.E-02  1201.51E-04  1225.51E-04
310001.E-02  2288.35E-04  2324.35E-04
320001.E-02  2679.61E-04  2739.61E-04
330001.E-02  1143.28E-04  1179.28E-04
340001.E-02  4602.68E-04  4638.68E-04
350001.E-02  2037.94E-04  2085.94E-04
360001.E-02  3001.76E-04  3061.76E-04
370001.E-02  3656.11E-04  3716.11E-04
380001.E-02  1704.27E-04  1776.27E-04
390001.E-02  1915.80E-04  1963.80E-04
400001.E-02  2417.96E-04  2525.96E-04
410001.E-02  7926.21E-04  7974.21E-04
420001.E-02  3691.22E-04  3751.22E-04
430001.E-02  2714.96E-04  2786.96E-04
440001.E-02  3814.73E-04  3898.73E-04
450001.E-02  9406.14E-04  9538.14E-04
460001.E-02  1030.56E-03  1052.16E-03
470001.E-02  5074.36E-04  5146.36E-04
480001.E-02  1335.42E-03  1351.02E-03
490001.E-02  4108.67E-04  4228.67E-04
500001.E-02  7141.01E-04  7249.01E-04
510001.E-02  9726.30E-04  9930.30E-04
520001.E-02  1533.01E-03  1555.81E-03
530001.E-02  8282.35E-04  8582.35E-04
540001.E-02  1925.95E-03  1960.75E-03
550001.E-02  7909.32E-04  8017.32E-04
560001.E-02  2030.02E-03  2054.02E-03
570001.E-02  4538.23E-03  4569.43E-03
580001.E-02  2734.21E-03  2766.61E-03
590001.E-02  1662.63E-03  1707.03E-03
600001.E-02  1732.31E-03  1779.11E-03
610001.E-02  1573.85E-03  1615.85E-03
620001.E-02  7864.16E-04  8044.16E-04
630001.E-02  8072.18E-04  8276.18E-04
640001.E-02  1269.99E-03  1297.59E-03
650001.E-02  1387.24E-03  1424.44E-03
660001.E-02  8930.45E-04  9206.45E-04
670001.E-02  5965.07E-04  6217.07E-04
680001.E-02  1257.28E-03  1272.88E-03
690001.E-02  6542.92E-04  6686.92E-04
700001.E-02  2254.29E-03  2283.09E-03
710001.E-02  6086.21E-04  6230.21E-04
720001.E-02  1951.89E-04  1999.89E-04
730001.E-02  1627.72E-04  1687.72E-04
740001.E-02  2269.80E-05  2389.80E-05
750001.E-02  2430.63E-05  2430.63E-05
760001.E-02  1432.96E-05  1552.96E-05
770001.E-02  0000.00E+00  0000.00E+00
780001.E-02  8040.93E-05  8160.93E-05
790001.E-02  1319.84E-04  1331.84E-04
800001.E-02  2320.43E-04  2356.43E-04
810001.E-02  0000.00E+00  0000.00E+00
820001.E-02  0000.00E+00  0000.00E+00
830001.E-02  0000.00E+00  0000.00E+00
840001.E-02  0000.00E+00  0000.00E+00
850001.E-02  0000.00E+00  0000.00E+00
860001.E-02  0000.00E+00  0000.00E+00
870001.E-02  0000.00E+00  0000.00E+00
880001.E-02  0000.00E+00  0000.00E+00
890001.E-02  0000.00E+00  0000.00E+00
900001.E-02  0000.00E+00  0000.00E+00
910001.E-02  0000.00E+00  0000.00E+00
920001.E-02  0000.00E+00  0000.00E+00
930001.E-02  0000.00E+00  0000.00E+00
940001.E-02  0000.00E+00  0000.00E+00
950001.E-02  0000.00E+00  0000.00E+00
960001.E-02  0000.00E+00  0000.00E+00
970001.E-02  0000.00E+00  0000.00E+00
980001.E-02  0000.00E+00  0000.00E+00
990001.E-02  0000.00E+00  0000.00E+00
100000.E-01  0000.00E+00  0000.00E+00
