====== pysrim run =======
        SRIM-2013.00
======================================== 
       Ion and Recoil PHONONS        
 See SRIM Outputs\TDATA.txt for calc. details
======================================== 
--------------------------------------------------------------------
    Recoil/Damage Calculations made with Kinchin-Pease Estimates    
--------------------------------------------------------------------
 See file :  SRIM Outputs\TDATA.txt calculation data
 Ion    = He   Energy = 100 keV
============= TARGET MATERIAL ======================================
Layer  1 : Ni
Layer Width =     2.E+04 AAA ;
  Layer # 1- Density = 9.131E22 atoms/cm3 = 8.9 g/cm3
  Layer # 1- Ni = 100  Atomic Percent = 100  Mass Percent
====================================================================
 Total Ions calculated =25.00
========================================================
  Table Units are  >>>> Phonons /(Angstrom-Ion)  <<<<  
========================================================
  DEPTH       PHONONS     PHONONS    
  (Ang.)      by ION      by RECOILS 
-----------  -----------  -----------
200010.E-03  878660.E-07  129750.E-06
400010.E-03  766110.E-07  215613.E-06
600010.E-03  778785.E-07  575926.E-06
800010.E-03  107993.E-06  405097.E-06
100001.E-02  143450.E-06  113622.E-05
120001.E-02  169245.E-06  102253.E-05
140001.E-02  173552.E-06  142985.E-05
160001.E-02  180852.E-06  179620.E-05
180001.E-02  243866.E-06  210616.E-05
200001.E-02  323086.E-06  379448.E-05
220001.E-02  337579.E-06  331326.E-05
240001.E-02  361519.E-06  322928.E-05
260001.E-02  581922.E-06  375813.E-05
280001.E-02  496383.E-06  318059.E-05
300001.E-02  432840.E-06  177168.E-05
320001.E-02  241237.E-06  133749.E-05
340001.E-02  255284.E-06  192417.E-05
360001.E-02  179155.E-06  106202.E-05
380001.E-02  176214.E-06  793600.E-06
400001.E-02  159573.E-06  675664.E-06
420001.E-02  144422.E-09  902566.E-07
440001.E-02  000000.E+00  000000.E+00
460001.E-02  000000.E+00  000000.E+00
480001.E-02  000000.E+00  000000.E+00
500001.E-02  000000.E+00  000000.E+00
520001.E-02  000000.E+00  000000.E+00
540001.E-02  000000.E+00  000000.E+00
560001.E-02  000000.E+00  000000.E+00
580001.E-02  000000.E+00  000000.E+00
600001.E-02  000000.E+00  000000.E+00
620001.E-02  000000.E+00  000000.E+00
640001.E-02  000000.E+00  000000.E+00
660001.E-02  000000.E+00  000000.E+00
680001.E-02  000000.E+00  000000.E+00
700001.E-02  000000.E+00  000000.E+00
720001.E-02  000000.E+00  000000.E+00
740001.E-02  000000.E+00  000000.E+00
760001.E-02  000000.E+00  000000.E+00
780001.E-02  000000.E+00  000000.E+00
800001.E-02  000000.E+00  000000.E+00
820001.E-02  000000.E+00  000000.E+00
840001.E-02  000000.E+00  000000.E+00
860001.E-02  000000.E+00  000000.E+00
880001.E-02  000000.E+00  000000.E+00
900001.E-02  000000.E+00  000000.E+00
920001.E-02  000000.E+00  000000.E+00
940001.E-02  000000.E+00  000000.E+00
960001.E-02  000000.E+00  000000.E+00
980001.E-02  000000.E+00  000000.E+00
100000.E-01  000000.E+00  000000.E+00
102000.E-01  000000.E+00  000000.E+00
104000.E-01  000000.E+00  000000.E+00
106000.E-01  000000.E+00  000000.E+00
108000.E-01  000000.E+00  000000.E+00
110000.E-01  000000.E+00  000000.E+00
112000.E-01  000000.E+00  000000.E+00
114000.E-01  000000.E+00  000000.E+00
116000.E-01  000000.E+00  000000.E+00
118000.E-01  000000.E+00  000000.E+00
120000.E-01  000000.E+00  000000.E+00
122000.E-01  000000.E+00  000000.E+00
124000.E-01  000000.E+00  000000.E+00
126000.E-01  000000.E+00  000000.E+00
128000.E-01  000000.E+00  000000.E+00
130000.E-01  000000.E+00  000000.E+00
132000.E-01  000000.E+00  000000.E+00
134000.E-01  000000.E+00  000000.E+00
136000.E-01  000000.E+00  000000.E+00
138000.E-01  000000.E+00  000000.E+00
140000.E-01  000000.E+00  000000.E+00
142000.E-01  000000.E+00  000000.E+00
144000.E-01  000000.E+00  000000.E+00
146000.E-01  000000.E+00  000000.E+00
148000.E-01  000000.E+00  000000.E+00
150000.E-01  000000.E+00  000000.E+00
152000.E-01  000000.E+00  000000.E+00
154000.E-01  000000.E+00  000000.E+00
156000.E-01  000000.E+00  000000.E+00
158000.E-01  000000.E+00  000000.E+00
160000.E-01  000000.E+00  000000.E+00
162000.E-01  000000.E+00  000000.E+00
164000.E-01  000000.E+00  000000.E+00
166000.E-01  000000.E+00  000000.E+00
168000.E-01  000000.E+00  000000.E+00
170000.E-01  000000.E+00  000000.E+00
172000.E-01  000000.E+00  000000.E+00
174000.E-01  000000.E+00  000000.E+00
176000.E-01  000000.E+00  000000.E+00
178000.E-01  000000.E+00  000000.E+00
180000.E-01  000000.E+00  000000.E+00
182000.E-01  000000.E+00  000000.E+00
184000.E-01  000000.E+00  000000.E+00
186000.E-01  000000.E+00  000000.E+00
188000.E-01  000000.E+00  000000.E+00
190000.E-01  000000.E+00  000000.E+00
192000.E-01  000000.E+00  000000.E+00
194000.E-01  000000.E+00  000000.E+00
196000.E-01  000000.E+00  000000.E+00
198000.E-01  000000.E+00  000000.E+00
200000.E-01  000000.E+00  000000.E+00
