====== pysrim run =======
        SRIM-2013.00
========================================
      Ion and Recoil IONIZATION     
 See SRIM Outputs\TDATA.txt for details   
========================================
--------------------------------------------------------------------
    Recoil/Damage Calculations made with Kinchin-Pease Estimates    
--------------------------------------------------------------------
 See file :  SRIM Outputs\TDATA.txt   for calculation data
 Ion    = He   Energy = 100 keV
============= TARGET MATERIAL ======================================
Layer 1 : ceria
Layer Width = 10000.E+00 A ;
  Layer # 1- Density = 7.578E22 atoms/cm3 = 7.22 g/cm3
  Layer # 1- Ce = 33.3 Atomic Percent = 81.4 Mass Percent
  Layer # 1-  O = 66.6 Atomic Percent = 18.5 Mass Percent
====================================================================
 Total Ions calculated =000025.00
===============================================================
  Ionization Energy Units are  >>>>  eV /(Angstrom-Ion)  <<<<  
===============================================================

  TARGET       IONIZ.       IONIZ.  
  DEPTH         by           by     
  (Ang)        IONS         RECOILS 
-----------  -----------  -----------
100010.E-03  2934.88E-02  7057.78E-06
200010.E-03  2830.91E-02  4478.36E-05
300010.E-03  2930.26E-02  3946.68E-05
400010.E-03  2906.77E-02  3785.76E-05
500010.E-03  2732.96E-02  6217.57E-05
600010.E-03  2758.66E-02  8541.62E-05
700010.E-03  3161.95E-02  2019.79E-05
800010.E-03  2951.24E-02  2564.43E-05
900010.E-03  2609.52E-02  3405.84E-05
100001.E-02  2630.08E-02  2960.54E-05
110001.E-02  2665.67E-02  3035.95E-05
120001.E-02  2316.44E-02  6701.94E-05
130001.E-02  2627.35E-02  1265.85E-05
140001.E-02  2704.12E-02  5335.11E-05
150001.E-02  2349.74E-02  8221.91E-05
160001.E-02  2418.24E-02  4202.11E-05
170001.E-02  2251.47E-02  4744.45E-05
180001.E-02  2113.62E-02  1091.09E-04
190001.E-02  2180.12E-02  1907.68E-04
200001.E-02  2439.27E-02  1243.51E-04
210001.E-02  2642.24E-02  1680.31E-04
220001.E-02  2549.66E-02  3208.83E-04
230001.E-02  2922.37E-02  1810.55E-04
240001.E-02  2929.48E-02  1245.88E-04
250001.E-02  2960.60E-02  1700.92E-04
260001.E-02  2091.32E-02  2256.59E-04
270001.E-02  2250.19E-02  1670.96E-03
280001.E-02  2077.83E-02  1827.32E-04
290001.E-02  1384.95E-02  2855.54E-04
300001.E-02  1534.22E-02  2333.61E-04
310001.E-02  1740.35E-02  1319.92E-04
320001.E-02  1302.05E-02  1119.66E-04
330001.E-02  1416.46E-02  6859.59E-05
340001.E-02  1309.04E-02  7991.07E-05
350001.E-02  1446.82E-02  6729.26E-04
360001.E-02  1564.60E-02  9315.29E-04
370001.E-02  1295.84E-02  1763.22E-04
380001.E-02  1220.01E-02  3775.07E-04
390001.E-02  9520.51E-03  2198.34E-04
400001.E-02  7207.49E-03  1515.88E-04
410001.E-02  7411.09E-03  1435.61E-04
420001.E-02  6851.93E-03  2203.72E-04
430001.E-02  6679.32E-03  3272.11E-04
440001.E-02  6429.70E-03  8332.79E-05
450001.E-02  4482.59E-03  2210.64E-04
460001.E-02  6386.26E-03  8033.71E-04
470001.E-02  2366.26E-03  1059.11E-04
480001.E-02  1270.12E-03  4378.58E-05
490001.E-02  3483.56E-03  1204.23E-04
500001.E-02  1359.01E-03  1886.70E-05
510001.E-02  4591.11E-04  4540.07E-06
520001.E-02  4345.52E-04  1999.73E-05
530001.E-02  7963.67E-05  3618.21E-06
540001.E-02  1402.04E-03  1217.58E-04
550001.E-02  1298.70E-04  3298.28E-06
560001.E-02  0000.00E+00  0000.00E+00
570001.E-02  0000.00E+00  0000.00E+00
580001.E-02  0000.00E+00  0000.00E+00
590001.E-02  0000.00E+00  0000.00E+00
600001.E-02  0000.00E+00  0000.00E+00
610001.E-02  0000.00E+00  0000.00E+00
620001.E-02  0000.00E+00  0000.00E+00
630001.E-02  0000.00E+00  0000.00E+00
640001.E-02  0000.00E+00  0000.00E+00
650001.E-02  0000.00E+00  0000.00E+00
660001.E-02  0000.00E+00  0000.00E+00
670001.E-02  0000.00E+00  0000.00E+00
680001.E-02  0000.00E+00  0000.00E+00
690001.E-02  0000.00E+00  0000.00E+00
700001.E-02  0000.00E+00  0000.00E+00
710001.E-02  0000.00E+00  0000.00E+00
720001.E-02  0000.00E+00  0000.00E+00
730001.E-02  0000.00E+00  0000.00E+00
740001.E-02  0000.00E+00  0000.00E+00
750001.E-02  0000.00E+00  0000.00E+00
760001.E-02  0000.00E+00  0000.00E+00
770001.E-02  0000.00E+00  0000.00E+00
780001.E-02  0000.00E+00  0000.00E+00
790001.E-02  0000.00E+00  0000.00E+00
800001.E-02  0000.00E+00  0000.00E+00
810001.E-02  0000.00E+00  0000.00E+00
820001.E-02  0000.00E+00  0000.00E+00
830001.E-02  0000.00E+00  0000.00E+00
840001.E-02  0000.00E+00  0000.00E+00
850001.E-02  0000.00E+00  0000.00E+00
860001.E-02  0000.00E+00  0000.00E+00
870001.E-02  0000.00E+00  0000.00E+00
880001.E-02  0000.00E+00  0000.00E+00
890001.E-02  0000.00E+00  0000.00E+00
900001.E-02  0000.00E+00  0000.00E+00
910001.E-02  0000.00E+00  0000.00E+00
920001.E-02  0000.00E+00  0000.00E+00
930001.E-02  0000.00E+00  0000.00E+00
940001.E-02  0000.00E+00  0000.00E+00
950001.E-02  0000.00E+00  0000.00E+00
960001.E-02  0000.00E+00  0000.00E+00
970001.E-02  0000.00E+00  0000.00E+00
980001.E-02  0000.00E+00  0000.00E+00
990001.E-02  0000.00E+00  0000.00E+00
100000.E-01  0000.00E+00  0000.00E+00
