====== pysrim run =======
        SRIM-2013.00
======================================== 
       Ion and Recoil PHONONS        
 See SRIM Outputs\TDATA.txt for calc. details
======================================== 
--------------------------------------------------------------------
    Recoil/Damage Calculations made with Kinchin-Pease Estimates    
--------------------------------------------------------------------
 See file :  SRIM Outputs\TDATA.txt calculation data
 Ion    = He   Energy = 500 keV
============= TARGET MATERIAL ======================================
Layer  1 : ceria
Layer Width =     5.E+04 AAA ;
  Layer # 1- Density = 7.578E22 atoms/cm3 = 7.22 g/cm3
  Layer # 1- Ce = 33.3 Atomic Percent = 81.4 Mass Percent
  Layer # 1-  O = 66.6 Atomic Percent = 18.5 Mass Percent
====================================================================
 Total Ions calculated =25.00
========================================================
  Table Units are  >>>> Phonons /(Angstrom-Ion)  <<<<  
========================================================
  DEPTH       PHONONS     PHONONS    
  (Ang.)      by ION      by RECOILS 
-----------  -----------  -----------
500010.E-03  125878.E-07  177358.E-07
100001.E-02  139122.E-07  403045.E-06
150001.E-02  125238.E-07  399277.E-06
200001.E-02  134790.E-07  703875.E-07
250001.E-02  156001.E-07  207953.E-06
300001.E-02  198457.E-07  414500.E-07
350001.E-02  181836.E-07  425271.E-07
400001.E-02  169359.E-07  530146.E-07
450001.E-02  209112.E-07  863292.E-07
500001.E-02  200334.E-07  632889.E-07
550001.E-02  249261.E-07  678722.E-07
600001.E-02  253951.E-07  309803.E-06
650001.E-02  335967.E-07  101649.E-06
700001.E-02  320425.E-07  157041.E-06
750001.E-02  366120.E-07  217656.E-06
800001.E-02  994100.E-07  497233.E-06
850001.E-02  117856.E-06  824051.E-06
900001.E-02  732622.E-07  154948.E-05
950001.E-02  132476.E-06  684313.E-06
100000.E-01  214760.E-06  257828.E-05
105000.E-01  235107.E-06  150376.E-05
110000.E-01  226924.E-06  125225.E-05
115000.E-01  868904.E-07  436312.E-06
120000.E-01  179463.E-06  815016.E-06
125000.E-01  963215.E-07  676379.E-06
130000.E-01  125890.E-07  726299.E-07
135000.E-01  000000.E+00  000000.E+00
140000.E-01  000000.E+00  000000.E+00
145000.E-01  000000.E+00  000000.E+00
150000.E-01  000000.E+00  000000.E+00
155000.E-01  000000.E+00  000000.E+00
160000.E-01  000000.E+00  000000.E+00
165000.E-01  000000.E+00  000000.E+00
170000.E-01  000000.E+00  000000.E+00
175000.E-01  000000.E+00  000000.E+00
180000.E-01  000000.E+00  000000.E+00
185000.E-01  000000.E+00  000000.E+00
190000.E-01  000000.E+00  000000.E+00
195000.E-01  000000.E+00  000000.E+00
200000.E-01  000000.E+00  000000.E+00
205000.E-01  000000.E+00  000000.E+00
210000.E-01  000000.E+00  000000.E+00
215000.E-01  000000.E+00  000000.E+00
220000.E-01  000000.E+00  000000.E+00
225000.E-01  000000.E+00  000000.E+00
230000.E-01  000000.E+00  000000.E+00
235000.E-01  000000.E+00  000000.E+00
240000.E-01  000000.E+00  000000.E+00
245000.E-01  000000.E+00  000000.E+00
250000.E-01  000000.E+00  000000.E+00
255000.E-01  000000.E+00  000000.E+00
260000.E-01  000000.E+00  000000.E+00
265000.E-01  000000.E+00  000000.E+00
270000.E-01  000000.E+00  000000.E+00
275000.E-01  000000.E+00  000000.E+00
280000.E-01  000000.E+00  000000.E+00
285000.E-01  000000.E+00  000000.E+00
290000.E-01  000000.E+00  000000.E+00
295000.E-01  000000.E+00  000000.E+00
300000.E-01  000000.E+00  000000.E+00
305000.E-01  000000.E+00  000000.E+00
310000.E-01  000000.E+00  000000.E+00
315000.E-01  000000.E+00  000000.E+00
320000.E-01  000000.E+00  000000.E+00
325000.E-01  000000.E+00  000000.E+00
330000.E-01  000000.E+00  000000.E+00
335000.E-01  000000.E+00  000000.E+00
340000.E-01  000000.E+00  000000.E+00
345000.E-01  000000.E+00  000000.E+00
350000.E-01  000000.E+00  000000.E+00
355000.E-01  000000.E+00  000000.E+00
360000.E-01  000000.E+00  000000.E+00
365000.E-01  000000.E+00  000000.E+00
370000.E-01  000000.E+00  000000.E+00
375000.E-01  000000.E+00  000000.E+00
380000.E-01  000000.E+00  000000.E+00
385000.E-01  000000.E+00  000000.E+00
390000.E-01  000000.E+00  000000.E+00
395000.E-01  000000.E+00  000000.E+00
400000.E-01  000000.E+00  000000.E+00
405000.E-01  000000.E+00  000000.E+00
410000.E-01  000000.E+00  000000.E+00
415000.E-01  000000.E+00  000000.E+00
420000.E-01  000000.E+00  000000.E+00
425000.E-01  000000.E+00  000000.E+00
430000.E-01  000000.E+00  000000.E+00
435000.E-01  000000.E+00  000000.E+00
440000.E-01  000000.E+00  000000.E+00
445000.E-01  000000.E+00  000000.E+00
450000.E-01  000000.E+00  000000.E+00
455000.E-01  000000.E+00  000000.E+00
460000.E-01  000000.E+00  000000.E+00
465000.E-01  000000.E+00  000000.E+00
470000.E-01  000000.E+00  000000.E+00
475000.E-01  000000.E+00  000000.E+00
480000.E-01  000000.E+00  000000.E+00
485000.E-01  000000.E+00  000000.E+00
490000.E-01  000000.E+00  000000.E+00
495000.E-01  000000.E+00  000000.E+00
500000.E-01  000000.E+00  000000.E+00
