====== pysrim run =======
        SRIM-2013.00
=======================================
    Energy transferred to RECOILS      
 See SRIM Outputs\TDATA.txt for calc. details 
=======================================
--------------------------------------------------------------------
    Recoil/Damage Calculations made with Kinchin-Pease Estimates    
--------------------------------------------------------------------
 See file: SRIM Outputs\TDATA.txt for data about the calculation
 Ion    = He   Energy = 150 keV
============= TARGET MATERIAL ======================================
Layer  1 : ceria
Layer Width = 10000.E+00 AAA ;
  Layer # 1- Density = 7.578E22 atoms/cm3 = 7.22 g/cm3
  Layer # 1- Ce = 33.3 Atomic Percent = 81.4 Mass Percent
  Layer # 1-  O = 66.6 Atomic Percent = 18.5 Mass Percent
====================================================================
 Total Ions calculated =25.00
===========================================================
  Table Energy Units are  >>>>  eV /(Angstrom-Ion)  <<<<  
===========================================================
   DEPTH       ENERGY       ENERGY    
   DEPTH        from        Absorbed  
   (Ang.)       IONS        by Recoils
----------   ------------  -----------
100010.E-03  5196.45E-04  5208.45E-04
200010.E-03  2831.47E-04  2843.47E-04
300010.E-03  6908.66E-05  7388.66E-05
400010.E-03  3475.64E-04  3487.64E-04
500010.E-03  4530.92E-04  4542.92E-04
600010.E-03  2171.05E-04  2231.05E-04
700010.E-03  1159.55E-04  1171.55E-04
800010.E-03  1573.29E-04  1621.29E-04
900010.E-03  1554.80E-04  1590.80E-04
100001.E-02  5022.25E-05  5502.25E-05
110001.E-02  7146.35E-05  7386.35E-05
120001.E-02  1886.66E-04  1886.66E-04
130001.E-02  4664.54E-04  4724.54E-04
140001.E-02  1168.69E-03  1171.09E-03
150001.E-02  9264.45E-04  9396.45E-04
160001.E-02  6879.44E-04  7119.44E-04
170001.E-02  1612.68E-03  1629.48E-03
180001.E-02  7269.51E-04  7389.51E-04
190001.E-02  7431.69E-04  7503.69E-04
200001.E-02  5691.71E-04  5811.71E-04
210001.E-02  9935.54E-04  1009.15E-03
220001.E-02  8409.26E-04  8493.26E-04
230001.E-02  6819.16E-04  6867.16E-04
240001.E-02  1112.86E-03  1117.66E-03
250001.E-02  1187.20E-03  1199.20E-03
260001.E-02  3265.67E-04  3301.67E-04
270001.E-02  2247.17E-04  2295.17E-04
280001.E-02  1864.15E-04  1912.15E-04
290001.E-02  7341.49E-04  7377.49E-04
300001.E-02  5800.34E-04  5848.34E-04
310001.E-02  1670.66E-04  1694.66E-04
320001.E-02  3954.39E-04  4014.39E-04
330001.E-02  1834.62E-04  1906.62E-04
340001.E-02  5066.97E-04  5114.97E-04
350001.E-02  5479.02E-04  5599.02E-04
360001.E-02  2077.42E-04  2161.42E-04
370001.E-02  2660.36E-04  2732.36E-04
380001.E-02  1704.49E-04  1788.49E-04
390001.E-02  1268.69E-04  1340.69E-04
400001.E-02  3141.60E-04  3213.60E-04
410001.E-02  4199.53E-04  4283.53E-04
420001.E-02  6156.49E-04  6300.49E-04
430001.E-02  1197.39E-03  1223.79E-03
440001.E-02  9487.76E-04  9679.76E-04
450001.E-02  4912.54E-04  5056.54E-04
460001.E-02  1492.26E-03  1515.06E-03
470001.E-02  5910.71E-04  6090.71E-04
480001.E-02  2636.50E-03  2689.30E-03
490001.E-02  1453.05E-03  1497.45E-03
500001.E-02  2898.23E-03  2955.83E-03
510001.E-02  2530.23E-03  2577.03E-03
520001.E-02  1187.50E-03  1217.50E-03
530001.E-02  1137.06E-03  1165.86E-03
540001.E-02  2787.40E-03  2818.60E-03
550001.E-02  1344.30E-03  1369.50E-03
560001.E-02  8952.87E-04  9204.87E-04
570001.E-02  1061.47E-03  1104.67E-03
580001.E-02  1473.87E-03  1518.27E-03
590001.E-02  8965.65E-04  9169.65E-04
600001.E-02  2082.77E-03  2122.37E-03
610001.E-02  9151.20E-04  9343.20E-04
620001.E-02  1024.00E-03  1025.20E-03
630001.E-02  7935.78E-05  8295.78E-05
640001.E-02  2897.22E-05  3137.22E-05
650001.E-02  5182.48E-05  5542.48E-05
660001.E-02  8583.54E-04  8787.54E-04
670001.E-02  1403.00E-04  1451.00E-04
680001.E-02  0000.00E+00  0000.00E+00
690001.E-02  0000.00E+00  0000.00E+00
700001.E-02  0000.00E+00  0000.00E+00
710001.E-02  0000.00E+00  0000.00E+00
720001.E-02  0000.00E+00  0000.00E+00
730001.E-02  0000.00E+00  0000.00E+00
740001.E-02  0000.00E+00  0000.00E+00
750001.E-02  0000.00E+00  0000.00E+00
760001.E-02  0000.00E+00  0000.00E+00
770001.E-02  0000.00E+00  0000.00E+00
780001.E-02  0000.00E+00  0000.00E+00
790001.E-02  0000.00E+00  0000.00E+00
800001.E-02  0000.00E+00  0000.00E+00
810001.E-02  0000.00E+00  0000.00E+00
820001.E-02  0000.00E+00  0000.00E+00
830001.E-02  0000.00E+00  0000.00E+00
840001.E-02  0000.00E+00  0000.00E+00
850001.E-02  0000.00E+00  0000.00E+00
860001.E-02  0000.00E+00  0000.00E+00
870001.E-02  0000.00E+00  0000.00E+00
880001.E-02  0000.00E+00  0000.00E+00
890001.E-02  0000.00E+00  0000.00E+00
900001.E-02  0000.00E+00  0000.00E+00
910001.E-02  0000.00E+00  0000.00E+00
920001.E-02  0000.00E+00  0000.00E+00
930001.E-02  0000.00E+00  0000.00E+00
940001.E-02  0000.00E+00  0000.00E+00
950001.E-02  0000.00E+00  0000.00E+00
960001.E-02  0000.00E+00  0000.00E+00
970001.E-02  0000.00E+00  0000.00E+00
980001.E-02  0000.00E+00  0000.00E+00
990001.E-02  0000.00E+00  0000.00E+00
100000.E-01  0000.00E+00  0000.00E+00
