====== pysrim run =======
        SRIM-2013.00
=======================================
    Energy transferred to RECOILS      
 See SRIM Outputs\TDATA.txt for calc. details 
=======================================
--------------------------------------------------------------------
    Recoil/Damage Calculations made with Kinchin-Pease Estimates    
--------------------------------------------------------------------
 See file: SRIM Outputs\TDATA.txt for data about the calculation
 Ion    = He   Energy = 200 keV
============= TARGET MATERIAL ======================================
Layer  1 : ceria
Layer Width = 20000.E+00 AAA ;
  Layer # 1- Density = 7.578E22 atoms/cm3 = 7.22 g/cm3
  Layer # 1- Ce = 33.3 Atomic Percent = 81.4 Mass Percent
  Layer # 1-  O = 66.6 Atomic Percent = 18.5 Mass Percent
====================================================================
 Total Ions calculated =25.00
===========================================================
  Table Energy Units are  >>>>  eV /(Angstrom-Ion)  <<<<  
===========================================================
   DEPTH       ENERGY       ENERGY    
   DEPTH        from        Absorbed  
   (Ang.)       IONS        by Recoils
----------   ------------  -----------
200010.E-03  2410.41E-04  2440.41E-04
400010.E-03  2628.41E-04  2664.41E-04
600010.E-03  8631.42E-05  8871.42E-05
800010.E-03  1330.35E-04  1354.35E-04
100001.E-02  1172.17E-04  1226.17E-04
120001.E-02  1033.23E-04  1051.23E-04
140001.E-02  3983.56E-05  4283.56E-05
160001.E-02  1100.65E-04  1118.65E-04
180001.E-02  6069.26E-05  6369.26E-05
200001.E-02  1408.48E-04  1450.48E-04
220001.E-02  1808.54E-04  1850.54E-04
240001.E-02  1633.63E-04  1675.63E-04
260001.E-02  2296.25E-04  2326.25E-04
280001.E-02  6566.04E-04  6620.04E-04
300001.E-02  6238.82E-04  6298.82E-04
320001.E-02  3596.34E-04  3686.34E-04
340001.E-02  7666.05E-04  7768.05E-04
360001.E-02  1906.92E-04  1966.92E-04
380001.E-02  2270.45E-04  2318.45E-04
400001.E-02  1847.24E-04  1901.24E-04
420001.E-02  1335.08E-03  1349.48E-03
440001.E-02  1413.87E-03  1430.67E-03
460001.E-02  4429.12E-04  4645.12E-04
480001.E-02  2394.13E-03  2417.53E-03
500001.E-02  1820.44E-03  1853.44E-03
520001.E-02  1093.87E-03  1117.87E-03
540001.E-02  8732.01E-04  8954.01E-04
560001.E-02  1447.54E-03  1470.94E-03
580001.E-02  1390.65E-03  1416.45E-03
600001.E-02  8480.95E-04  8666.95E-04
620001.E-02  1939.07E-03  1960.07E-03
640001.E-02  7592.40E-04  7760.40E-04
660001.E-02  2291.30E-03  2313.50E-03
680001.E-02  7820.91E-04  7988.91E-04
700001.E-02  1184.80E-03  1202.20E-03
720001.E-02  6744.34E-04  6882.34E-04
740001.E-02  8483.49E-05  8963.49E-05
760001.E-02  4313.76E-04  4445.76E-04
780001.E-02  2059.01E-04  2143.01E-04
800001.E-02  3274.26E-04  3352.26E-04
820001.E-02  7591.05E-05  7951.05E-05
840001.E-02  0000.00E+00  0000.00E+00
860001.E-02  0000.00E+00  0000.00E+00
880001.E-02  0000.00E+00  0000.00E+00
900001.E-02  0000.00E+00  0000.00E+00
920001.E-02  0000.00E+00  0000.00E+00
940001.E-02  0000.00E+00  0000.00E+00
960001.E-02  0000.00E+00  0000.00E+00
980001.E-02  0000.00E+00  0000.00E+00
100000.E-01  0000.00E+00  0000.00E+00
102000.E-01  0000.00E+00  0000.00E+00
104000.E-01  0000.00E+00  0000.00E+00
106000.E-01  0000.00E+00  0000.00E+00
108000.E-01  0000.00E+00  0000.00E+00
110000.E-01  0000.00E+00  0000.00E+00
112000.E-01  0000.00E+00  0000.00E+00
114000.E-01  0000.00E+00  0000.00E+00
116000.E-01  0000.00E+00  0000.00E+00
118000.E-01  0000.00E+00  0000.00E+00
120000.E-01  0000.00E+00  0000.00E+00
122000.E-01  0000.00E+00  0000.00E+00
124000.E-01  0000.00E+00  0000.00E+00
126000.E-01  0000.00E+00  0000.00E+00
128000.E-01  0000.00E+00  0000.00E+00
130000.E-01  0000.00E+00  0000.00E+00
132000.E-01  0000.00E+00  0000.00E+00
134000.E-01  0000.00E+00  0000.00E+00
136000.E-01  0000.00E+00  0000.00E+00
138000.E-01  0000.00E+00  0000.00E+00
140000.E-01  0000.00E+00  0000.00E+00
142000.E-01  0000.00E+00  0000.00E+00
144000.E-01  0000.00E+00  0000.00E+00
146000.E-01  0000.00E+00  0000.00E+00
148000.E-01  0000.00E+00  0000.00E+00
150000.E-01  0000.00E+00  0000.00E+00
152000.E-01  0000.00E+00  0000.00E+00
154000.E-01  0000.00E+00  0000.00E+00
156000.E-01  0000.00E+00  0000.00E+00
158000.E-01  0000.00E+00  0000.00E+00
160000.E-01  0000.00E+00  0000.00E+00
162000.E-01  0000.00E+00  0000.00E+00
164000.E-01  0000.00E+00  0000.00E+00
166000.E-01  0000.00E+00  0000.00E+00
168000.E-01  0000.00E+00  0000.00E+00
170000.E-01  0000.00E+00  0000.00E+00
172000.E-01  0000.00E+00  0000.00E+00
174000.E-01  0000.00E+00  0000.00E+00
176000.E-01  0000.00E+00  0000.00E+00
178000.E-01  0000.00E+00  0000.00E+00
180000.E-01  0000.00E+00  0000.00E+00
182000.E-01  0000.00E+00  0000.00E+00
184000.E-01  0000.00E+00  0000.00E+00
186000.E-01  0000.00E+00  0000.00E+00
188000.E-01  0000.00E+00  0000.00E+00
190000.E-01  0000.00E+00  0000.00E+00
192000.E-01  0000.00E+00  0000.00E+00
194000.E-01  0000.00E+00  0000.00E+00
196000.E-01  0000.00E+00  0000.00E+00
198000.E-01  0000.00E+00  0000.00E+00
200000.E-01  0000.00E+00  0000.00E+00
