====== pysrim run =======
        SRIM-2013.00
==========================================
    Ion and Target VACANCY production     
  See SRIM Outputs\TDATA.txt for calc. details
==========================================
--------------------------------------------------------------------
    Recoil/Damage Calculations made with Kinchin-Pease Estimates    
--------------------------------------------------------------------
 See file :  SRIM Outputs\TDATA.txt for calculation data
 Ion    = He   Energy = 200 keV
============= TARGET MATERIAL ======================================
Layer  1 : ceria
Layer Width =     2.E+04 A ;
  Layer # 1- Density = 7.578E22 atoms/cm3 = 7.22 g/cm3
  Layer # 1- Ce = 33.3 Atomic Percent = 81.4 Mass Percent
  Layer # 1-  O = 66.6 Atomic Percent = 18.5 Mass Percent
====================================================================
 Total Ions calculated =25.00
 Total Target Vacancies     = 73 /Ion

==========================================================
  Table Units are  >>>> Vacancies/(Angstrom-Ion)  <<<<  
==========================================================
   TARGET     VACANCIES     VACANCIES 
   DEPTH         by            by     
   (Ang.)       IONS         RECOILS  
-----------  -----------  ------------
200010.E-03  1000.00E-06  1054.89E-06  
400010.E-03  1200.00E-06  2571.65E-06  
600010.E-03  8000.00E-07  9630.42E-07  
800010.E-03  8000.00E-07  3943.39E-08  
100001.E-02  1800.00E-06  1039.28E-06  
120001.E-02  6000.00E-07  5971.70E-07  
140001.E-02  1000.00E-06  3375.04E-07  
160001.E-02  6000.00E-07  2076.59E-07  
180001.E-02  1000.00E-06  4084.52E-07  
200001.E-02  1400.00E-06  0000.00E+00  
220001.E-02  1400.00E-06  1312.75E-06  
240001.E-02  1400.00E-06  2032.70E-06  
260001.E-02  1000.00E-06  5844.88E-07  
280001.E-02  1800.00E-06  6695.60E-06  
300001.E-02  2000.00E-06  4511.58E-06  
320001.E-02  3000.00E-06  5178.93E-06  
340001.E-02  3400.00E-06  5462.38E-06  
360001.E-02  2000.00E-06  2718.80E-06  
380001.E-02  1600.00E-06  1552.06E-06  
400001.E-02  1800.00E-06  1470.12E-07  
420001.E-02  4800.00E-06  8499.13E-06  
440001.E-02  5600.00E-06  1856.87E-05  
460001.E-02  7200.00E-06  9218.86E-07  
480001.E-02  7800.00E-06  2294.22E-05  
500001.E-02  1100.00E-05  1500.39E-05  
520001.E-02  8000.00E-06  7827.29E-06  
540001.E-02  7400.00E-06  4828.88E-06  
560001.E-02  7800.00E-06  1078.75E-05  
580001.E-02  8600.00E-06  1243.73E-05  
600001.E-02  6200.00E-06  4151.24E-06  
620001.E-02  7000.00E-06  1905.68E-05  
640001.E-02  5600.00E-06  5567.83E-06  
660001.E-02  7400.00E-06  2118.28E-05  
680001.E-02  5600.00E-06  6028.84E-06  
700001.E-02  5800.00E-06  9480.44E-06  
720001.E-02  4600.00E-06  4825.99E-06  
740001.E-02  1600.00E-06  9540.73E-08  
760001.E-02  4400.00E-06  2077.76E-06  
780001.E-02  2800.00E-06  5463.77E-07  
800001.E-02  2600.00E-06  2107.90E-06  
820001.E-02  1200.00E-06  8818.03E-08  
840001.E-02  0000.00E+00  0000.00E+00  
860001.E-02  0000.00E+00  0000.00E+00  
880001.E-02  0000.00E+00  0000.00E+00  
900001.E-02  0000.00E+00  0000.00E+00  
920001.E-02  0000.00E+00  0000.00E+00  
940001.E-02  0000.00E+00  0000.00E+00  
960001.E-02  0000.00E+00  0000.00E+00  
980001.E-02  0000.00E+00  0000.00E+00  
100000.E-01  0000.00E+00  0000.00E+00  
102000.E-01  0000.00E+00  0000.00E+00  
104000.E-01  0000.00E+00  0000.00E+00  
106000.E-01  0000.00E+00  0000.00E+00  
108000.E-01  0000.00E+00  0000.00E+00  
110000.E-01  0000.00E+00  0000.00E+00  
112000.E-01  0000.00E+00  0000.00E+00  
114000.E-01  0000.00E+00  0000.00E+00  
116000.E-01  0000.00E+00  0000.00E+00  
118000.E-01  0000.00E+00  0000.00E+00  
120000.E-01  0000.00E+00  0000.00E+00  
122000.E-01  0000.00E+00  0000.00E+00  
124000.E-01  0000.00E+00  0000.00E+00  
126000.E-01  0000.00E+00  0000.00E+00  
128000.E-01  0000.00E+00  0000.00E+00  
130000.E-01  0000.00E+00  0000.00E+00  
132000.E-01  0000.00E+00  0000.00E+00  
134000.E-01  0000.00E+00  0000.00E+00  
136000.E-01  0000.00E+00  0000.00E+00  
138000.E-01  0000.00E+00  0000.00E+00  
140000.E-01  0000.00E+00  0000.00E+00  
142000.E-01  0000.00E+00  0000.00E+00  
144000.E-01  0000.00E+00  0000.00E+00  
146000.E-01  0000.00E+00  0000.00E+00  
148000.E-01  0000.00E+00  0000.00E+00  
150000.E-01  0000.00E+00  0000.00E+00  
152000.E-01  0000.00E+00  0000.00E+00  
154000.E-01  0000.00E+00  0000.00E+00  
156000.E-01  0000.00E+00  0000.00E+00  
158000.E-01  0000.00E+00  0000.00E+00  
160000.E-01  0000.00E+00  0000.00E+00  
162000.E-01  0000.00E+00  0000.00E+00  
164000.E-01  0000.00E+00  0000.00E+00  
166000.E-01  0000.00E+00  0000.00E+00  
168000.E-01  0000.00E+00  0000.00E+00  
170000.E-01  0000.00E+00  0000.00E+00  
172000.E-01  0000.00E+00  0000.00E+00  
174000.E-01  0000.00E+00  0000.00E+00  
176000.E-01  0000.00E+00  0000.00E+00  
178000.E-01  0000.00E+00  0000.00E+00  
180000.E-01  0000.00E+00  0000.00E+00  
182000.E-01  0000.00E+00  0000.00E+00  
184000.E-01  0000.00E+00  0000.00E+00  
186000.E-01  0000.00E+00  0000.00E+00  
188000.E-01  0000.00E+00  0000.00E+00  
190000.E-01  0000.00E+00  0000.00E+00  
192000.E-01  0000.00E+00  0000.00E+00  
194000.E-01  0000.00E+00  0000.00E+00  
196000.E-01  0000.00E+00  0000.00E+00  
198000.E-01  0000.00E+00  0000.00E+00  
200000.E-01  0000.00E+00  0000.00E+00  

 To convert to Energy Lost - multiply by Average Binding Energy =  3  eV/Vacancy
