====== pysrim run =======
        SRIM-2013.00
=======================================
    Energy transferred to RECOILS      
 See SRIM Outputs\TDATA.txt for calc. details 
=======================================
--------------------------------------------------------------------
    Recoil/Damage Calculations made with Kinchin-Pease Estimates    
--------------------------------------------------------------------
 See file: SRIM Outputs\TDATA.txt for data about the calculation
 Ion    = He   Energy = 400 keV
============= TARGET MATERIAL ======================================
Layer  1 : Ni
Layer Width = 20000.E+00 AAA ;
  Layer # 1- Density = 9.131E22 atoms/cm3 = 8.9 g/cm3
  Layer # 1- Ni = 100  Atomic Percent = 100  Mass Percent
====================================================================
 Total Ions calculated =25.00
===========================================================
  Table Energy Units are  >>>>  eV /(Angstrom-Ion)  <<<<  
===========================================================
   DEPTH       ENERGY       ENERGY    
   DEPTH        from        Absorbed  
   (Ang.)       IONS        by Recoils
----------   ------------  -----------
200010.E-03  1443.17E-04  1443.17E-04
400010.E-03  5858.09E-04  5858.09E-04
600010.E-03  9632.08E-04  9632.08E-04
800010.E-03  2283.98E-04  2283.98E-04
100001.E-02  1599.66E-03  1599.66E-03
120001.E-02  1364.83E-03  1364.83E-03
140001.E-02  5084.88E-05  5084.88E-05
160001.E-02  2064.93E-04  2064.93E-04
180001.E-02  6783.35E-04  6783.35E-04
200001.E-02  2424.86E-04  2424.86E-04
220001.E-02  5304.88E-04  5304.88E-04
240001.E-02  1825.83E-04  1825.83E-04
260001.E-02  1255.86E-04  1255.86E-04
280001.E-02  1073.53E-04  1073.53E-04
300001.E-02  2235.59E-04  2235.59E-04
320001.E-02  1406.89E-03  1406.89E-03
340001.E-02  2486.75E-04  2486.75E-04
360001.E-02  6663.21E-04  6663.21E-04
380001.E-02  6057.33E-04  6057.33E-04
400001.E-02  2419.79E-04  2419.79E-04
420001.E-02  1173.17E-03  1173.17E-03
440001.E-02  1566.64E-04  1566.64E-04
460001.E-02  4300.78E-04  4300.78E-04
480001.E-02  1329.57E-04  1329.57E-04
500001.E-02  2074.30E-04  2074.30E-04
520001.E-02  4038.44E-04  4038.44E-04
540001.E-02  7480.46E-04  7480.46E-04
560001.E-02  1636.17E-03  1636.17E-03
580001.E-02  1543.50E-03  1543.50E-03
600001.E-02  6111.49E-04  6111.49E-04
620001.E-02  1061.85E-03  1061.85E-03
640001.E-02  1036.58E-03  1036.58E-03
660001.E-02  9440.87E-04  9440.87E-04
680001.E-02  1506.28E-03  1506.28E-03
700001.E-02  2510.90E-03  2510.90E-03
720001.E-02  3169.54E-03  3169.54E-03
740001.E-02  6032.98E-04  6032.98E-04
760001.E-02  1248.93E-03  1248.93E-03
780001.E-02  1928.31E-03  1928.31E-03
800001.E-02  1838.54E-03  1838.54E-03
820001.E-02  1290.43E-03  1290.43E-03
840001.E-02  2147.26E-03  2147.26E-03
860001.E-02  1617.96E-03  1617.96E-03
880001.E-02  1569.04E-03  1569.04E-03
900001.E-02  1517.63E-03  1517.63E-03
920001.E-02  1554.58E-03  1554.58E-03
940001.E-02  9468.26E-04  9468.26E-04
960001.E-02  7961.13E-04  7961.13E-04
980001.E-02  5434.65E-05  5434.65E-05
100000.E-01  0000.00E+00  0000.00E+00
102000.E-01  0000.00E+00  0000.00E+00
104000.E-01  0000.00E+00  0000.00E+00
106000.E-01  0000.00E+00  0000.00E+00
108000.E-01  0000.00E+00  0000.00E+00
110000.E-01  0000.00E+00  0000.00E+00
112000.E-01  0000.00E+00  0000.00E+00
114000.E-01  0000.00E+00  0000.00E+00
116000.E-01  0000.00E+00  0000.00E+00
118000.E-01  0000.00E+00  0000.00E+00
120000.E-01  0000.00E+00  0000.00E+00
122000.E-01  0000.00E+00  0000.00E+00
124000.E-01  0000.00E+00  0000.00E+00
126000.E-01  0000.00E+00  0000.00E+00
128000.E-01  0000.00E+00  0000.00E+00
130000.E-01  0000.00E+00  0000.00E+00
132000.E-01  0000.00E+00  0000.00E+00
134000.E-01  0000.00E+00  0000.00E+00
136000.E-01  0000.00E+00  0000.00E+00
138000.E-01  0000.00E+00  0000.00E+00
140000.E-01  0000.00E+00  0000.00E+00
142000.E-01  0000.00E+00  0000.00E+00
144000.E-01  0000.00E+00  0000.00E+00
146000.E-01  0000.00E+00  0000.00E+00
148000.E-01  0000.00E+00  0000.00E+00
150000.E-01  0000.00E+00  0000.00E+00
152000.E-01  0000.00E+00  0000.00E+00
154000.E-01  0000.00E+00  0000.00E+00
156000.E-01  0000.00E+00  0000.00E+00
158000.E-01  0000.00E+00  0000.00E+00
160000.E-01  0000.00E+00  0000.00E+00
162000.E-01  0000.00E+00  0000.00E+00
164000.E-01  0000.00E+00  0000.00E+00
166000.E-01  0000.00E+00  0000.00E+00
168000.E-01  0000.00E+00  0000.00E+00
170000.E-01  0000.00E+00  0000.00E+00
172000.E-01  0000.00E+00  0000.00E+00
174000.E-01  0000.00E+00  0000.00E+00
176000.E-01  0000.00E+00  0000.00E+00
178000.E-01  0000.00E+00  0000.00E+00
180000.E-01  0000.00E+00  0000.00E+00
182000.E-01  0000.00E+00  0000.00E+00
184000.E-01  0000.00E+00  0000.00E+00
186000.E-01  0000.00E+00  0000.00E+00
188000.E-01  0000.00E+00  0000.00E+00
190000.E-01  0000.00E+00  0000.00E+00
192000.E-01  0000.00E+00  0000.00E+00
194000.E-01  0000.00E+00  0000.00E+00
196000.E-01  0000.00E+00  0000.00E+00
198000.E-01  0000.00E+00  0000.00E+00
200000.E-01  0000.00E+00  0000.00E+00
