====== pysrim run =======
        SRIM-2013.00
========================================
      Ion and Recoil IONIZATION     
 See SRIM Outputs\TDATA.txt for details   
========================================
--------------------------------------------------------------------
    Recoil/Damage Calculations made with Kinchin-Pease Estimates    
--------------------------------------------------------------------
 See file :  SRIM Outputs\TDATA.txt   for calculation data
 Ion    = He   Energy = 400 keV
============= TARGET MATERIAL ======================================
Layer 1 : Ni
Layer Width = 20000.E+00 A ;
  Layer # 1- Density = 9.131E22 atoms/cm3 = 8.9 g/cm3
  Layer # 1- Ni = 100  Atomic Percent = 100  Mass Percent
====================================================================
 Total Ions calculated =000025.00
===============================================================
  Ionization Energy Units are  >>>>  eV /(Angstrom-Ion)  <<<<  
===============================================================

  TARGET       IONIZ.       IONIZ.  
  DEPTH         by           by     
  (Ang)        IONS         RECOILS 
-----------  -----------  -----------
200010.E-03  6016.91E-02  1328.92E-06
400010.E-03  6276.50E-02  3483.29E-05
600010.E-03  5886.72E-02  3338.26E-04
800010.E-03  6214.58E-02  6671.70E-06
100001.E-02  6225.80E-02  5629.61E-05
120001.E-02  6297.37E-02  6968.26E-04
140001.E-02  6300.25E-02  1009.18E-05
160001.E-02  6212.40E-02  1047.75E-05
180001.E-02  6228.02E-02  6458.12E-05
200001.E-02  5889.81E-02  1157.31E-04
220001.E-02  5656.37E-02  1563.04E-04
240001.E-02  5776.20E-02  1959.96E-05
260001.E-02  5480.80E-02  2212.28E-05
280001.E-02  5895.27E-02  2632.84E-05
300001.E-02  5605.73E-02  1433.34E-05
320001.E-02  5441.39E-02  9480.46E-05
340001.E-02  5670.11E-02  2460.36E-04
360001.E-02  5537.91E-02  5025.49E-05
380001.E-02  5198.47E-02  1972.32E-04
400001.E-02  4835.33E-02  2635.17E-05
420001.E-02  5118.90E-02  1960.97E-04
440001.E-02  4959.01E-02  8920.95E-05
460001.E-02  4859.37E-02  8973.63E-05
480001.E-02  4170.05E-02  1937.49E-05
500001.E-02  4465.12E-02  2584.36E-05
520001.E-02  4364.93E-02  8079.83E-05
540001.E-02  4226.27E-02  1091.53E-04
560001.E-02  4096.14E-02  2422.85E-04
580001.E-02  3733.69E-02  3830.53E-04
600001.E-02  3605.01E-02  9622.50E-05
620001.E-02  4179.26E-02  1534.31E-04
640001.E-02  3323.01E-02  1872.68E-04
660001.E-02  3470.69E-02  1983.74E-04
680001.E-02  3597.95E-02  2553.54E-04
700001.E-02  3063.97E-02  3601.95E-04
720001.E-02  3268.38E-02  5339.15E-04
740001.E-02  2044.01E-02  2820.17E-04
760001.E-02  1945.60E-02  2245.45E-04
780001.E-02  1958.56E-02  3114.20E-04
800001.E-02  1741.64E-02  3489.88E-04
820001.E-02  1360.68E-02  1956.16E-04
840001.E-02  1402.53E-02  3486.99E-04
860001.E-02  1058.18E-02  3046.09E-04
880001.E-02  7775.59E-03  2696.79E-04
900001.E-02  5534.55E-03  2087.78E-04
920001.E-02  4817.33E-03  3180.33E-04
940001.E-02  2972.65E-03  1636.56E-04
960001.E-02  1031.76E-03  1363.75E-04
980001.E-02  1766.63E-04  1185.51E-05
100000.E-01  0000.00E+00  0000.00E+00
102000.E-01  0000.00E+00  0000.00E+00
104000.E-01  0000.00E+00  0000.00E+00
106000.E-01  0000.00E+00  0000.00E+00
108000.E-01  0000.00E+00  0000.00E+00
110000.E-01  0000.00E+00  0000.00E+00
112000.E-01  0000.00E+00  0000.00E+00
114000.E-01  0000.00E+00  0000.00E+00
116000.E-01  0000.00E+00  0000.00E+00
118000.E-01  0000.00E+00  0000.00E+00
120000.E-01  0000.00E+00  0000.00E+00
122000.E-01  0000.00E+00  0000.00E+00
124000.E-01  0000.00E+00  0000.00E+00
126000.E-01  0000.00E+00  0000.00E+00
128000.E-01  0000.00E+00  0000.00E+00
130000.E-01  0000.00E+00  0000.00E+00
132000.E-01  0000.00E+00  0000.00E+00
134000.E-01  0000.00E+00  0000.00E+00
136000.E-01  0000.00E+00  0000.00E+00
138000.E-01  0000.00E+00  0000.00E+00
140000.E-01  0000.00E+00  0000.00E+00
142000.E-01  0000.00E+00  0000.00E+00
144000.E-01  0000.00E+00  0000.00E+00
146000.E-01  0000.00E+00  0000.00E+00
148000.E-01  0000.00E+00  0000.00E+00
150000.E-01  0000.00E+00  0000.00E+00
152000.E-01  0000.00E+00  0000.00E+00
154000.E-01  0000.00E+00  0000.00E+00
156000.E-01  0000.00E+00  0000.00E+00
158000.E-01  0000.00E+00  0000.00E+00
160000.E-01  0000.00E+00  0000.00E+00
162000.E-01  0000.00E+00  0000.00E+00
164000.E-01  0000.00E+00  0000.00E+00
166000.E-01  0000.00E+00  0000.00E+00
168000.E-01  0000.00E+00  0000.00E+00
170000.E-01  0000.00E+00  0000.00E+00
172000.E-01  0000.00E+00  0000.00E+00
174000.E-01  0000.00E+00  0000.00E+00
176000.E-01  0000.00E+00  0000.00E+00
178000.E-01  0000.00E+00  0000.00E+00
180000.E-01  0000.00E+00  0000.00E+00
182000.E-01  0000.00E+00  0000.00E+00
184000.E-01  0000.00E+00  0000.00E+00
186000.E-01  0000.00E+00  0000.00E+00
188000.E-01  0000.00E+00  0000.00E+00
190000.E-01  0000.00E+00  0000.00E+00
192000.E-01  0000.00E+00  0000.00E+00
194000.E-01  0000.00E+00  0000.00E+00
196000.E-01  0000.00E+00  0000.00E+00
198000.E-01  0000.00E+00  0000.00E+00
200000.E-01  0000.00E+00  0000.00E+00
